ra,dec,clon,clat,sigra,sigdec,sigradec,w1mpro,w1sigmpro,w1snr,w1rchi2,w2mpro,w2sigmpro,w2snr,w2rchi2,nb,na,cc_flags,ph_qual,qual_frame,mjd,allwise_cntr,w1mpro_allwise,w1sigmpro_allwise,w2mpro_allwise,w2sigmpro_allwise,w3mpro_allwise,w3sigmpro_allwise,w4mpro_allwise,w4sigmpro_allwise,tmass_key,j_m_2mass,j_msig_2mass,h_m_2mass,h_msig_2mass,k_m_2mass,k_msig_2mass,dist,angle
24.1640015,0.0157635,b'01h36m39.36s',b'00d00m56.75s',0.6259,0.5995,-0.1986,15.736,0.200,5.4,0.625,15.231,0.498,2.2,0.825,1,0,b'0000',b'BC',5,57947.25798031,242100001351032448,16.044,0.055,14.963,0.078,11.864,0.272,8.929,0.468,,,,,,,,0.198954,241.348171
24.1641054,0.0158456,b'01h36m39.39s',b'00d00m57.04s',1.2162,1.3609,-0.1552,16.015,,1.4,1.380,14.567,0.379,2.9,0.468,1,0,b'0000',b'UC',10,56854.49056390,242100001351032448,16.044,0.055,14.963,0.078,11.864,0.272,8.929,0.468,,,,,,,,0.282553,44.896763
24.1640188,0.0157145,b'01h36m39.36s',b'00d00m56.57s',0.8344,0.9349,-0.3369,16.372,0.385,2.8,1.044,14.214,,2.0,0.454,1,0,b'0000',b'CU',10,58475.52510962,242100001351032448,16.044,0.055,14.963,0.078,11.864,0.272,8.929,0.468,,,,,,,,0.294086,202.452617
24.1641427,0.0157918,b'01h36m39.39s',b'00d00m56.85s',0.5919,0.5364,-0.1903,15.816,0.187,5.8,0.516,15.180,0.391,2.8,0.912,1,0,b'0000',b'BC',10,57392.17845853,242100001351032448,16.044,0.055,14.963,0.078,11.864,0.272,8.929,0.468,,,,,,,,0.333778,88.8876
24.1640474,0.0158868,b'01h36m39.37s',b'00d00m57.19s',0.4625,0.3891,-0.1538,15.534,0.148,7.3,1.495,14.289,0.189,5.8,0.485,1,0,b'0000',b'BB',5,58475.91769340,242100001351032448,16.044,0.055,14.963,0.078,11.864,0.272,8.929,0.468,,,,,,,,0.348605,358.461434
24.1641426,0.0158206,b'01h36m39.39s',b'00d00m56.95s',0.4872,0.4749,-0.1464,15.554,0.162,6.7,0.677,14.263,0.250,4.3,0.608,1,0,b'0000',b'BB',5,59046.40766392,242100001351032448,16.044,0.055,14.963,0.078,11.864,0.272,8.929,0.468,,,,,,,,0.351089,71.713677
24.1640061,0.0157012,b'01h36m39.36s',b'00d00m56.52s',0.9222,0.8271,-0.2725,16.191,0.260,4.2,0.688,14.755,,0.9,0.688,1,0,b'0000',b'BU',10,57751.69501375,242100001351032448,16.044,0.055,14.963,0.078,11.864,0.272,8.929,0.468,,,,,,,,0.356615,206.30638
24.1639710,0.0158516,b'01h36m39.35s',b'00d00m57.07s',0.6258,0.6194,0.1316,15.917,0.277,3.9,0.564,14.682,0.258,4.2,0.782,1,0,b'0000',b'BB',10,57391.91614146,242100001351032448,16.044,0.055,14.963,0.078,11.864,0.272,8.929,0.468,,,,,,,,0.360646,307.945212
24.1640176,0.0158877,b'01h36m39.36s',b'00d00m57.20s',0.5159,0.4888,-0.2364,15.481,0.162,6.7,0.725,14.118,0.254,4.3,0.536,1,0,b'0000',b'BB',10,59045.88456067,242100001351032448,16.044,0.055,14.963,0.078,11.864,0.272,8.929,0.468,,,,,,,,0.370555,341.653064
24.1641390,0.0157305,b'01h36m39.39s',b'00d00m56.63s',0.7328,0.6096,0.2483,15.911,0.229,4.7,0.665,14.984,0.384,2.8,0.412,1,0,b'0000',b'BC',10,58839.77436426,242100001351032448,16.044,0.055,14.963,0.078,11.864,0.272,8.929,0.468,,,,,,,,0.385401,123.764286
24.1641391,0.0158531,b'01h36m39.39s',b'00d00m57.07s',0.7385,0.7346,-0.1219,16.085,0.256,4.2,1.187,14.907,0.344,3.2,1.047,1,0,b'0000',b'BB',10,57219.19477785,242100001351032448,16.044,0.055,14.963,0.078,11.864,0.272,8.929,0.468,,,,,,,,0.393047,54.694138
24.1640210,0.0156785,b'01h36m39.37s',b'00d00m56.44s',0.5972,0.7342,-0.3051,15.479,0.226,4.8,0.653,14.776,0.378,2.9,0.470,1,0,b'0000',b'BC',5,57947.51978665,242100001351032448,16.044,0.055,14.963,0.078,11.864,0.272,8.929,0.468,,,,,,,,0.414752,194.579029
24.1640471,0.0159074,b'01h36m39.37s',b'00d00m57.27s',0.5749,0.6192,-0.2876,15.717,0.211,5.2,0.520,14.820,0.335,3.2,0.541,1,0,b'0000',b'BB',10,58678.49728407,242100001351032448,16.044,0.055,14.963,0.078,11.864,0.272,8.929,0.468,,,,,,,,0.422772,358.584975
24.1641106,0.0158945,b'01h36m39.39s',b'00d00m57.22s',0.4971,0.4286,-0.1459,15.402,0.146,7.5,1.050,14.665,0.308,3.5,0.750,1,0,b'0000',b'BB',10,59045.55755747,242100001351032448,16.044,0.055,14.963,0.078,11.864,0.272,8.929,0.468,,,,,,,,0.434877,30.109629
24.1639264,0.0158246,b'01h36m39.34s',b'00d00m56.97s',0.5757,0.5634,-0.1716,15.606,0.180,6.0,0.684,14.880,0.341,3.2,0.671,1,0,b'0000',b'BB',5,57947.12694983,242100001351032448,16.044,0.055,14.963,0.078,11.864,0.272,8.929,0.468,,,,,,,,0.462061,285.638808
24.1639216,0.0157701,b'01h36m39.34s',b'00d00m56.77s',0.4096,0.4655,-0.2157,15.720,0.164,6.6,2.010,14.606,0.234,4.6,1.187,1,0,b'0000',b'BB',10,58474.93617113,242100001351032448,16.044,0.055,14.963,0.078,11.864,0.272,8.929,0.468,,,,,,,,0.467761,261.190138
24.1640762,0.0156598,b'01h36m39.38s',b'00d00m56.38s',0.6111,0.5714,-0.1498,15.794,0.206,5.3,0.882,14.979,0.342,3.2,1.144,1,0,b'0000',b'BB',10,57751.36749638,242100001351032448,16.044,0.055,14.963,0.078,11.864,0.272,8.929,0.468,,,,,,,,0.478118,168.622382
24.1639208,0.0158418,b'01h36m39.34s',b'00d00m57.03s',0.7547,0.7446,-0.2671,15.991,0.268,4.1,0.584,14.469,,1.9,0.637,1,0,b'0000',b'BU',10,56854.29331795,242100001351032448,16.044,0.055,14.963,0.078,11.864,0.272,8.929,0.468,,,,,,,,0.501108,291.847271
24.1640697,0.0156515,b'01h36m39.38s',b'00d00m56.35s',0.9275,0.6985,-0.3847,15.775,0.322,3.4,0.739,14.688,0.416,2.6,0.734,1,0,b'0000',b'BC',10,58678.69363883,242100001351032448,16.044,0.055,14.963,0.078,11.864,0.272,8.929,0.468,,,,,,,,0.503618,171.904651
24.1639987,0.0159270,b'01h36m39.36s',b'00d00m57.34s',1.0897,1.2937,-0.3127,15.855,,1.0,0.864,14.662,0.319,3.4,0.398,1,0,b'0000',b'UB',5,57392.24391042,242100001351032448,16.044,0.055,14.963,0.078,11.864,0.272,8.929,0.468,,,,,,,,0.526642,339.47146
24.1641682,0.0158764,b'01h36m39.40s',b'00d00m57.16s',0.5056,0.4938,-0.0892,15.748,0.186,5.8,0.819,14.513,0.215,5.1,0.915,1,0,b'0000',b'BB',10,57392.37506894,242100001351032448,16.044,0.055,14.963,0.078,11.864,0.272,8.929,0.468,,,,,,,,0.527082,53.834522
24.1641419,0.0159044,b'01h36m39.39s',b'00d00m57.26s',0.5540,0.5067,-0.1945,15.582,0.173,6.3,1.140,14.639,0.297,3.7,0.825,1,0,b'0000',b'BB',5,59046.08066073,242100001351032448,16.044,0.055,14.963,0.078,11.864,0.272,8.929,0.468,,,,,,,,0.528272,38.775667
24.1640811,0.0156400,b'01h36m39.38s',b'00d00m56.30s',0.7489,0.7966,-0.3102,16.068,0.243,4.5,1.159,14.650,,0.7,0.421,1,0,b'0000',b'BU',5,57947.71626867,242100001351032448,16.044,0.055,14.963,0.078,11.864,0.272,8.929,0.468,,,,,,,,0.551484,168.286635
24.1638976,0.0158341,b'01h36m39.34s',b'00d00m57.00s',0.5366,0.5883,-0.1716,15.956,0.233,4.7,0.574,14.587,0.219,5.0,0.521,1,0,b'0000',b'BB',10,58475.65588576,242100001351032448,16.044,0.055,14.963,0.078,11.864,0.272,8.929,0.468,,,,,,,,0.57115,286.138862
24.1639219,0.0156928,b'01h36m39.34s',b'00d00m56.49s',0.4248,0.4467,-0.2193,15.457,0.146,7.5,1.522,14.904,0.348,3.1,1.059,1,0,b'0000',b'BB',10,58315.17690486,242100001351032448,16.044,0.055,14.963,0.078,11.864,0.272,8.929,0.468,,,,,,,,0.578888,232.809419
24.1638909,0.0157463,b'01h36m39.33s',b'00d00m56.69s',0.6148,0.6072,-0.2417,15.872,0.194,5.6,1.063,14.225,,1.9,0.461,1,0,b'0000',b'BU',10,58475.39420605,242100001351032448,16.044,0.055,14.963,0.078,11.864,0.272,8.929,0.468,,,,,,,,0.593974,254.641327
24.1640674,0.0156235,b'01h36m39.38s',b'00d00m56.24s',0.8956,0.8968,-0.4300,16.073,0.272,4.0,0.554,14.362,,1.0,0.616,1,0,b'0000',b'BU',10,56854.81960425,242100001351032448,16.044,0.055,14.963,0.078,11.864,0.272,8.929,0.468,,,,,,,,0.602666,174.033989
24.1640304,0.0159568,b'01h36m39.37s',b'00d00m57.44s',0.5808,0.5202,-0.2443,15.609,0.203,5.3,1.363,14.530,0.244,4.5,0.443,1,0,b'0000',b'BB',10,58678.23573235,242100001351032448,16.044,0.055,14.963,0.078,11.864,0.272,8.929,0.468,,,,,,,,0.604614,353.298136
24.1641650,0.0159156,b'01h36m39.40s',b'00d00m57.30s',0.4072,0.4401,-0.1314,15.595,0.165,6.6,1.361,14.118,0.168,6.5,0.943,1,0,b'0000',b'BB',10,58678.95519060,242100001351032448,16.044,0.055,14.963,0.078,11.864,0.272,8.929,0.468,,,,,,,,0.613063,42.477377
24.1639511,0.0159288,b'01h36m39.35s',b'00d00m57.34s',0.4968,0.5546,-0.2009,15.473,0.182,6.0,0.731,14.904,0.339,3.2,0.630,1,0,b'0000',b'BB',5,57583.37811756,242100001351032448,16.044,0.055,14.963,0.078,11.864,0.272,8.929,0.468,,,,,,,,0.613548,324.52876
24.1641985,0.0157004,b'01h36m39.41s',b'00d00m56.52s',0.5194,0.4798,-0.1704,15.602,0.155,7.0,1.100,15.434,0.517,2.1,0.980,1,0,b'0000',b'BC',10,57032.91179641,242100001351032448,16.044,0.055,14.963,0.078,11.864,0.272,8.929,0.468,,,,,,,,0.624377,121.105396
24.1638853,0.0157337,b'01h36m39.33s',b'00d00m56.64s',0.5083,0.5095,-0.0960,15.730,0.171,6.4,0.766,14.646,0.301,3.6,0.558,1,0,b'0000',b'BB',10,58111.73695028,242100001351032448,16.044,0.055,14.963,0.078,11.864,0.272,8.929,0.468,,,,,,,,0.626604,251.127846
24.1638832,0.0157384,b'01h36m39.33s',b'00d00m56.66s',0.6846,0.5577,-0.1360,15.746,0.195,5.6,0.769,14.935,0.377,2.9,0.483,1,0,b'0000',b'BC',10,57751.56398267,242100001351032448,16.044,0.055,14.963,0.078,11.864,0.272,8.929,0.468,,,,,,,,0.628554,252.810415
24.1639607,0.0156379,b'01h36m39.35s',b'00d00m56.30s',0.5820,0.5413,-0.1940,15.713,0.185,5.9,0.699,15.004,0.369,2.9,0.775,1,0,b'0000',b'BC',10,57947.58523823,242100001351032448,16.044,0.055,14.963,0.078,11.864,0.272,8.929,0.468,,,,,,,,0.634961,210.41778
24.1641733,0.0159170,b'01h36m39.40s',b'00d00m57.30s',0.8468,0.7953,-0.3138,16.279,0.271,4.0,0.774,14.995,0.456,2.4,0.465,1,0,b'0000',b'BC',10,58111.60604677,242100001351032448,16.044,0.055,14.963,0.078,11.864,0.272,8.929,0.468,,,,,,,,0.637226,44.153099
24.1638870,0.0157012,b'01h36m39.33s',b'00d00m56.52s',0.5311,0.5157,-0.1380,15.411,0.165,6.6,0.975,14.707,0.354,3.1,0.604,1,0,b'0000',b'BB',5,58678.75896312,242100001351032448,16.044,0.055,14.963,0.078,11.864,0.272,8.929,0.468,,,,,,,,0.668227,241.419101
24.1640748,0.0156023,b'01h36m39.38s',b'00d00m56.17s',0.8083,0.8982,-0.4105,16.101,0.373,2.9,0.518,14.946,0.342,3.2,0.310,1,0,b'0000',b'CB',10,57751.17101354,242100001351032448,16.044,0.055,14.963,0.078,11.864,0.272,8.929,0.468,,,,,,,,0.681595,172.473349
24.1640006,0.0159813,b'01h36m39.36s',b'00d00m57.53s',0.6928,0.6770,-0.1114,15.682,0.252,4.3,1.021,14.852,0.379,2.9,0.723,1,0,b'0000',b'BC',0,59046.27688810,242100001351032448,16.044,0.055,14.963,0.078,11.864,0.272,8.929,0.468,,,,,,,,0.711274,345.520649
24.1642311,0.0157035,b'01h36m39.42s',b'00d00m56.53s',0.8153,0.7169,0.2316,15.947,0.334,3.3,0.628,14.725,0.259,4.2,0.759,1,0,b'0000',b'BB',5,58475.59056132,242100001351032448,16.044,0.055,14.963,0.078,11.864,0.272,8.929,0.468,,,,,,,,0.722508,115.530852
24.1642197,0.0156803,b'01h36m39.41s',b'00d00m56.45s',0.5962,0.6235,-0.2346,15.942,0.293,3.7,1.218,14.426,0.229,4.7,0.902,1,0,b'0000',b'BB',10,56668.94656833,242100001351032448,16.044,0.055,14.963,0.078,11.864,0.272,8.929,0.468,,,,,,,,0.727453,122.880038
24.1638675,0.0158813,b'01h36m39.33s',b'00d00m57.17s',0.4617,0.5274,-0.1931,15.755,0.178,6.1,0.960,14.699,0.320,3.4,0.359,1,0,b'0000',b'BB',5,58314.91522509,242100001351032448,16.044,0.055,14.963,0.078,11.864,0.272,8.929,0.468,,,,,,,,0.734632,296.577609
24.1638619,0.0158868,b'01h36m39.33s',b'00d00m57.19s',0.4760,0.4927,-0.1969,15.581,0.201,5.4,0.763,14.724,0.447,2.4,0.461,1,0,b'0000',b'BC',10,58112.19523999,242100001351032448,16.044,0.055,14.963,0.078,11.864,0.272,8.929,0.468,,,,,,,,0.761567,297.231252
24.1642642,0.0158040,b'01h36m39.42s',b'00d00m56.89s',0.4437,0.4215,-0.1871,15.470,0.143,7.6,1.036,14.387,0.324,3.4,0.513,1,0,b'0000',b'BB',10,58679.21686970,242100001351032448,16.044,0.055,14.963,0.078,11.864,0.272,8.929,0.468,,,,,,,,0.772767,86.260496
24.1641372,0.0159878,b'01h36m39.39s',b'00d00m57.56s',0.5190,0.5811,-0.1862,15.602,0.199,5.4,1.716,14.522,0.264,4.1,0.650,1,0,b'0000',b'BB',10,58112.32614341,242100001351032448,16.044,0.055,14.963,0.078,11.864,0.272,8.929,0.468,,,,,,,,0.778206,23.790251
24.1639636,0.0159932,b'01h36m39.35s',b'00d00m57.58s',0.4414,0.4237,-0.1174,15.575,0.160,6.8,1.289,14.377,0.229,4.7,0.897,1,0,b'0000',b'BB',5,57583.50927545,242100001351032448,16.044,0.055,14.963,0.078,11.864,0.272,8.929,0.468,,,,,,,,0.794901,336.964956
24.1638857,0.0156421,b'01h36m39.33s',b'00d00m56.31s',0.5173,0.5085,0.0622,15.929,0.205,5.3,1.189,14.389,0.224,4.9,0.582,1,0,b'0000',b'BB',10,58111.93343289,242100001351032448,16.044,0.055,14.963,0.078,11.864,0.272,8.929,0.468,,,,,,,,0.795827,228.007007
24.1642163,0.0156362,b'01h36m39.41s',b'00d00m56.29s',0.6108,0.5736,-0.1469,16.093,0.293,3.7,0.796,14.012,0.214,5.1,0.736,1,0,b'0000',b'BB',10,58678.36650816,242100001351032448,16.044,0.055,14.963,0.078,11.864,0.272,8.929,0.468,,,,,,,,0.815462,132.76372
24.1638203,0.0158053,b'01h36m39.32s',b'00d00m56.90s',0.4839,0.5308,-0.2111,15.762,0.189,5.8,0.829,14.596,0.249,4.4,1.524,1,0,b'0000',b'BB',10,58111.86798122,242100001351032448,16.044,0.055,14.963,0.078,11.864,0.272,8.929,0.468,,,,,,,,0.828752,273.810764
24.1638336,0.0158759,b'01h36m39.32s',b'00d00m57.15s',0.6615,0.6034,-0.2017,15.837,0.202,5.4,1.427,14.872,0.393,2.8,0.702,1,0,b'0000',b'BC',10,57583.44369653,242100001351032448,16.044,0.055,14.963,0.078,11.864,0.272,8.929,0.468,,,,,,,,0.838171,291.650608
24.1639146,0.0159806,b'01h36m39.34s',b'00d00m57.53s',0.4887,0.4514,-0.1726,15.636,0.193,5.6,1.691,14.469,0.215,5.1,0.506,1,0,b'0000',b'BB',10,58475.45965786,242100001351032448,16.044,0.055,14.963,0.078,11.864,0.272,8.929,0.468,,,,,,,,0.841674,324.610462
24.1638182,0.0158251,b'01h36m39.32s',b'00d00m56.97s',0.7726,0.7370,-0.2356,16.104,0.251,4.3,1.673,14.983,0.481,2.3,0.867,1,0,b'0000',b'BC',10,56854.22748439,242100001351032448,16.044,0.055,14.963,0.078,11.864,0.272,8.929,0.468,,,,,,,,0.843994,278.610523
24.1638381,0.0158912,b'01h36m39.32s',b'00d00m57.21s',1.0144,0.9255,-0.3662,16.144,0.350,3.1,0.577,14.123,,1.6,0.546,1,0,b'0000',b'BU',10,57947.97807567,242100001351032448,16.044,0.055,14.963,0.078,11.864,0.272,8.929,0.468,,,,,,,,0.84537,295.528384
24.1642545,0.0159111,b'01h36m39.42s',b'00d00m57.28s',0.6544,0.6248,-0.3103,15.974,0.317,3.4,0.695,14.305,0.203,5.3,0.559,1,0,b'0000',b'BB',10,58314.52251537,242100001351032448,16.044,0.055,14.963,0.078,11.864,0.272,8.929,0.468,,,,,,,,0.8556,59.366998
24.1639971,0.0160235,b'01h36m39.36s',b'00d00m57.68s',0.6197,0.5791,-0.2798,15.823,0.229,4.7,1.208,14.805,0.297,3.7,0.918,1,0,b'0000',b'BB',5,57218.99804109,242100001351032448,16.044,0.055,14.963,0.078,11.864,0.272,8.929,0.468,,,,,,,,0.861904,347.234982
24.1639074,0.0155966,b'01h36m39.34s',b'00d00m56.15s',0.5391,0.6599,-0.2610,16.205,0.276,3.9,1.093,14.376,0.220,4.9,1.166,1,0,b'0000',b'BB',10,57391.98172066,242100001351032448,16.044,0.055,14.963,0.078,11.864,0.272,8.929,0.468,,,,,,,,0.865038,216.402537
24.1638614,0.0156229,b'01h36m39.33s',b'00d00m56.24s',0.5452,0.5200,-0.1858,15.725,0.192,5.6,0.820,14.842,0.414,2.6,1.196,1,0,b'0000',b'BC',10,58475.06707464,242100001351032448,16.044,0.055,14.963,0.078,11.864,0.272,8.929,0.468,,,,,,,,0.907119,228.458988
24.1642209,0.0159770,b'01h36m39.41s',b'00d00m57.52s',0.5128,0.4426,-0.1563,15.552,0.158,6.9,2.658,14.309,0.297,3.7,0.693,1,0,b'0000',b'BB',10,58475.78678988,242100001351032448,16.044,0.055,14.963,0.078,11.864,0.272,8.929,0.468,,,,,,,,0.911985,42.424306
24.1637868,0.0157931,b'01h36m39.31s',b'00d00m56.86s',0.9305,1.0351,-0.4083,16.652,0.379,2.9,1.293,15.237,0.445,2.4,0.692,1,0,b'0000',b'CC',10,57219.71966369,242100001351032448,16.044,0.055,14.963,0.078,11.864,0.272,8.929,0.468,,,,,,,,0.947587,270.674805
24.1642396,0.0156021,b'01h36m39.42s',b'00d00m56.17s',0.6040,0.6899,0.0563,15.904,0.384,2.8,1.318,14.354,0.219,4.9,0.782,1,0,b'0000',b'CB',5,58839.44723251,242100001351032448,16.044,0.055,14.963,0.078,11.864,0.272,8.929,0.468,,,,,,,,0.960966,134.741982
24.1640846,0.0155253,b'01h36m39.38s',b'00d00m55.89s',0.4935,0.5798,0.0887,15.787,0.239,4.5,0.892,14.658,0.290,3.7,0.433,1,0,b'0000',b'BB',10,57751.43307558,242100001351032448,16.044,0.055,14.963,0.078,11.864,0.272,8.929,0.468,,,,,,,,0.961025,172.552862
24.1638219,0.0159474,b'01h36m39.32s',b'00d00m57.41s',0.5752,0.5992,-0.2776,15.667,0.184,5.9,0.817,14.617,0.413,2.6,0.722,1,0,b'0000',b'BC',5,59045.81910912,242100001351032448,16.044,0.055,14.963,0.078,11.864,0.272,8.929,0.468,,,,,,,,0.99769,304.607548
24.1641428,0.0155257,b'01h36m39.39s',b'00d00m55.89s',0.7058,0.8075,-0.1842,16.139,0.260,4.2,0.480,15.068,0.456,2.4,1.038,1,0,b'0000',b'BC',10,57391.78498285,242100001351032448,16.044,0.055,14.963,0.078,11.864,0.272,8.929,0.468,,,,,,,,1.008426,160.653002
24.1643279,0.0158470,b'01h36m39.44s',b'00d00m57.05s',0.6649,0.6231,-0.2374,16.148,0.251,4.3,1.181,14.695,0.279,3.9,0.470,1,0,b'0000',b'BB',10,58679.34777284,242100001351032448,16.044,0.055,14.963,0.078,11.864,0.272,8.929,0.468,,,,,,,,1.021268,78.408839
24.1637531,0.0157730,b'01h36m39.30s',b'00d00m56.78s',0.6028,0.5627,-0.3382,15.604,0.178,6.1,0.682,15.004,0.383,2.8,0.684,1,0,b'0000',b'BC',10,56668.68297833,242100001351032448,16.044,0.055,14.963,0.078,11.864,0.272,8.929,0.468,,,,,,,,1.070592,266.722917
24.1637822,0.0159341,b'01h36m39.31s',b'00d00m57.36s',0.5970,0.5369,-0.1987,15.834,0.201,5.4,1.200,14.637,0.272,4.0,0.694,1,0,b'0000',b'BB',10,57392.04729997,242100001351032448,16.044,0.055,14.963,0.078,11.864,0.272,8.929,0.468,,,,,,,,1.094788,298.284168
24.1641800,0.0155126,b'01h36m39.40s',b'00d00m55.85s',0.6819,0.6963,-0.3015,16.309,0.357,3.0,0.609,14.361,0.227,4.8,0.481,1,0,b'0000',b'CB',10,58314.58796696,242100001351032448,16.044,0.055,14.963,0.078,11.864,0.272,8.929,0.468,,,,,,,,1.102865,154.890458
24.1639751,0.0160897,b'01h36m39.35s',b'00d00m57.92s',0.5713,0.5596,-0.1966,15.794,0.199,5.5,1.065,14.575,0.336,3.2,0.575,1,0,b'0000',b'BB',10,58314.71887021,242100001351032448,16.044,0.055,14.963,0.078,11.864,0.272,8.929,0.468,,,,,,,,1.112103,345.968255
24.1638894,0.0160548,b'01h36m39.33s',b'00d00m57.80s',0.7499,0.6601,-0.3661,15.733,0.323,3.4,0.406,14.407,0.305,3.6,0.794,1,0,b'0000',b'BB',5,57219.45722074,242100001351032448,16.044,0.055,14.963,0.078,11.864,0.272,8.929,0.468,,,,,,,,1.114902,328.763379
24.1639414,0.0160825,b'01h36m39.35s',b'00d00m57.90s',0.9362,1.0583,-0.5094,15.827,,1.8,0.330,14.635,0.341,3.2,0.340,1,0,b'0000',b'UB',10,57032.18902475,242100001351032448,16.044,0.055,14.963,0.078,11.864,0.272,8.929,0.468,,,,,,,,1.123235,339.630943
24.1640167,0.0161009,b'01h36m39.36s',b'00d00m57.96s',0.4424,0.4410,-0.2349,15.616,0.157,6.9,2.222,14.278,0.229,4.7,0.876,1,0,b'0000',b'BB',10,58840.03591640,242100001351032448,16.044,0.055,14.963,0.078,11.864,0.272,8.929,0.468,,,,,,,,1.125642,353.886449
24.1638220,0.0155707,b'01h36m39.32s',b'00d00m56.05s',0.6260,0.6905,0.0935,16.098,0.271,4.0,1.872,14.080,0.276,3.9,0.397,1,0,b'0000',b'BB',5,57947.38888344,242100001351032448,16.044,0.055,14.963,0.078,11.864,0.272,8.929,0.468,,,,,,,,1.138854,226.114263
24.1638286,0.0160214,b'01h36m39.32s',b'00d00m57.68s',0.6757,0.5769,-0.1619,15.963,0.217,5.0,1.081,14.561,0.295,3.7,0.941,1,0,b'0000',b'BB',10,57032.45185072,242100001351032448,16.044,0.055,14.963,0.078,11.864,0.272,8.929,0.468,,,,,,,,1.152922,316.265162
24.1639309,0.0160873,b'01h36m39.34s',b'00d00m57.91s',0.6598,0.7774,-0.2886,15.934,0.286,3.8,1.390,14.990,0.313,3.5,0.420,1,0,b'0000',b'BB',10,58840.03604376,242100001351032448,16.044,0.055,14.963,0.078,11.864,0.272,8.929,0.468,,,,,,,,1.152967,338.168693
24.1637499,0.0156597,b'01h36m39.30s',b'00d00m56.37s',0.6827,0.7482,-0.3004,15.906,0.250,4.3,0.646,14.440,0.337,3.2,0.506,1,0,b'0000',b'BB',10,57947.65068977,242100001351032448,16.044,0.055,14.963,0.078,11.864,0.272,8.929,0.468,,,,,,,,1.177801,246.530063
24.1637630,0.0156285,b'01h36m39.30s',b'00d00m56.26s',0.6402,0.5719,0.1554,15.805,0.236,4.6,0.993,14.197,0.262,4.1,0.729,1,0,b'0000',b'BB',5,57947.84717245,242100001351032448,16.044,0.055,14.963,0.078,11.864,0.272,8.929,0.468,,,,,,,,1.185552,240.632768
24.1640545,0.0161222,b'01h36m39.37s',b'00d00m58.04s',0.7014,0.6658,-0.2215,16.207,0.296,3.7,0.566,14.322,0.312,3.5,0.631,1,0,b'0000',b'BB',10,56668.35355451,242100001351032448,16.044,0.055,14.963,0.078,11.864,0.272,8.929,0.468,,,,,,,,1.196031,0.776084
24.1637850,0.0159918,b'01h36m39.31s',b'00d00m57.57s',0.5163,0.4840,-0.0951,15.566,0.160,6.8,0.664,14.855,0.307,3.5,0.715,1,0,b'0000',b'BB',5,58839.70891253,242100001351032448,16.044,0.055,14.963,0.078,11.864,0.272,8.929,0.468,,,,,,,,1.19912,307.289615
24.1643859,0.0158225,b'01h36m39.45s',b'00d00m56.96s',0.4620,0.4482,-0.1389,15.479,0.147,7.4,1.118,14.638,,1.3,0.582,1,0,b'0000',b'BU',10,57032.38614428,242100001351032448,16.044,0.055,14.963,0.078,11.864,0.272,8.929,0.468,,,,,,,,1.214887,84.47355
24.1638058,0.0155570,b'01h36m39.31s',b'00d00m56.01s',0.5662,0.6229,-0.2400,15.761,0.214,5.1,0.785,14.348,0.256,4.2,0.761,1,0,b'0000',b'BB',10,58314.78432179,242100001351032448,16.044,0.055,14.963,0.078,11.864,0.272,8.929,0.468,,,,,,,,1.215089,226.344498
24.1638998,0.0154758,b'01h36m39.34s',b'00d00m55.71s',1.2317,1.4144,-0.6119,16.249,,1.5,1.787,14.852,0.476,2.3,0.893,1,0,b'0000',b'UC',10,56853.96440487,242100001351032448,16.044,0.055,14.963,0.078,11.864,0.272,8.929,0.468,,,,,,,,1.253718,205.549639
24.1638221,0.0155128,b'01h36m39.32s',b'00d00m55.85s',1.0706,0.9126,0.2679,16.325,0.397,2.7,1.113,14.939,0.499,2.2,0.576,1,0,b'0000',b'CC',10,57583.37824493,242100001351032448,16.044,0.055,14.963,0.078,11.864,0.272,8.929,0.468,,,,,,,,1.291886,219.425335
24.1636906,0.0157868,b'01h36m39.29s',b'00d00m56.83s',0.6649,0.7033,-0.2554,16.218,0.381,2.8,1.373,14.299,0.244,4.4,0.900,1,0,b'0000',b'CB',10,57032.51755725,242100001351032448,16.044,0.055,14.963,0.078,11.864,0.272,8.929,0.468,,,,,,,,1.293892,269.489867
24.1640240,0.0154294,b'01h36m39.37s',b'00d00m55.55s',0.7902,0.7720,-0.4479,15.821,0.280,3.9,0.654,14.656,0.405,2.7,0.613,1,0,b'0000',b'BC',10,56854.35902414,242100001351032448,16.044,0.055,14.963,0.078,11.864,0.272,8.929,0.468,,,,,,,,1.301532,184.124007
24.1637018,0.0158884,b'01h36m39.29s',b'00d00m57.20s',0.5064,0.5316,-0.1330,15.628,0.174,6.2,0.591,14.627,0.356,3.1,0.611,1,0,b'0000',b'BB',10,58679.08609383,242100001351032448,16.044,0.055,14.963,0.078,11.864,0.272,8.929,0.468,,,,,,,,1.302613,285.780091
24.1642530,0.0160998,b'01h36m39.42s',b'00d00m57.96s',0.4882,0.5796,-0.2200,16.036,0.221,4.9,0.538,14.571,0.237,4.6,0.773,1,0,b'0000',b'BB',10,57751.23659265,242100001351032448,16.044,0.055,14.963,0.078,11.864,0.272,8.929,0.468,,,,,,,,1.333387,33.23528
24.1643384,0.0160365,b'01h36m39.44s',b'00d00m57.73s',0.6685,0.6736,-0.1060,16.017,0.246,4.4,0.565,14.888,0.305,3.6,0.963,1,0,b'0000',b'BB',5,57583.11618387,242100001351032448,16.044,0.055,14.963,0.078,11.864,0.272,8.929,0.468,,,,,,,,1.365803,49.478969
24.1637005,0.0159504,b'01h36m39.29s',b'00d00m57.42s',0.5405,0.4801,-0.1088,15.460,0.152,7.2,1.323,15.310,0.540,2.0,0.493,1,0,b'0000',b'BC',5,59046.01533654,242100001351032448,16.044,0.055,14.963,0.078,11.864,0.272,8.929,0.468,,,,,,,,1.38438,294.652348
24.1636644,0.0157684,b'01h36m39.28s',b'00d00m56.77s',0.4436,0.3774,-0.0590,15.201,0.119,9.2,1.390,14.296,,1.3,0.880,1,0,b'0000',b'BU',5,58678.82441469,242100001351032448,16.044,0.055,14.963,0.078,11.864,0.272,8.929,0.468,,,,,,,,1.390338,266.793836
24.1641316,0.0154068,b'01h36m39.39s',b'00d00m55.46s',0.5410,0.4323,-0.1070,15.324,0.199,5.4,0.675,14.351,0.355,3.1,0.311,1,0,b'0000',b'BB',10,57219.12919892,242100001351032448,16.044,0.055,14.963,0.078,11.864,0.272,8.929,0.468,,,,,,,,1.410451,167.978783
24.1641349,0.0161729,b'01h36m39.39s',b'00d00m58.22s',0.5271,0.5171,-0.2108,15.603,0.176,6.2,1.010,14.905,0.409,2.7,0.345,1,0,b'0000',b'BC',10,56854.68793718,242100001351032448,16.044,0.055,14.963,0.078,11.864,0.272,8.929,0.468,,,,,,,,1.411917,12.50187
24.1637109,0.0159915,b'01h36m39.29s',b'00d00m57.57s',0.8984,0.8598,-0.3354,16.363,0.408,2.7,0.611,14.521,0.334,3.3,0.594,1,0,b'0000',b'CB',5,58315.04600160,242100001351032448,16.044,0.055,14.963,0.078,11.864,0.272,8.929,0.468,,,,,,,,1.42002,300.719629
24.1639175,0.0161624,b'01h36m39.34s',b'00d00m58.18s',0.6368,0.8393,-0.4641,15.581,0.228,4.8,1.338,14.626,,1.3,0.556,1,0,b'0000',b'BU',5,57583.96781888,242100001351032448,16.044,0.055,14.963,0.078,11.864,0.272,8.929,0.468,,,,,,,,1.42297,340.414431
24.1641241,0.0161808,b'01h36m39.39s',b'00d00m58.25s',0.4764,0.5115,0.0804,15.556,0.155,7.0,1.442,14.301,,-1.4,0.421,1,0,b'0000',b'BU',10,57219.58850585,242100001351032448,16.044,0.055,14.963,0.078,11.864,0.272,8.929,0.468,,,,,,,,1.431948,10.736457
24.1637210,0.0155657,b'01h36m39.29s',b'00d00m56.04s',0.4057,0.4200,-0.1916,15.551,0.136,8.0,1.468,14.689,0.315,3.4,0.322,1,0,b'0000',b'BB',5,58839.51268422,242100001351032448,16.044,0.055,14.963,0.078,11.864,0.272,8.929,0.468,,,,,,,,1.433468,235.715284
24.1638975,0.0154185,b'01h36m39.34s',b'00d00m55.51s',0.5752,0.5015,-0.1579,15.567,0.168,6.4,0.895,15.095,0.478,2.3,0.601,1,0,b'0000',b'BC',10,59045.68833325,242100001351032448,16.044,0.055,14.963,0.078,11.864,0.272,8.929,0.468,,,,,,,,1.445696,202.31805
24.1637606,0.0155110,b'01h36m39.30s',b'00d00m55.84s',0.5543,0.4966,-0.1884,15.696,0.177,6.1,0.966,14.547,0.280,3.9,0.581,1,0,b'0000',b'BB',10,57947.45433502,242100001351032448,16.044,0.055,14.963,0.078,11.864,0.272,8.929,0.468,,,,,,,,1.447153,226.048221
24.1642954,0.0154600,b'01h36m39.43s',b'00d00m55.66s',0.7528,0.6133,-0.1269,15.738,0.233,4.7,0.870,15.110,0.415,2.6,0.549,1,0,b'0000',b'BC',10,57219.06361997,242100001351032448,16.044,0.055,14.963,0.078,11.864,0.272,8.929,0.468,,,,,,,,1.480476,143.364167
24.1642978,0.0154599,b'01h36m39.43s',b'00d00m55.66s',0.5494,0.5197,-0.1550,15.709,0.169,6.4,0.890,14.856,0.380,2.9,0.612,1,0,b'0000',b'BC',10,58839.90514028,242100001351032448,16.044,0.055,14.963,0.078,11.864,0.272,8.929,0.468,,,,,,,,1.485935,143.105117
24.1640688,0.0162043,b'01h36m39.38s',b'00d00m58.34s',0.4194,0.4765,-0.1369,15.545,0.159,6.8,1.395,14.459,0.241,4.5,0.623,1,0,b'0000',b'BB',10,58314.32616049,242100001351032448,16.044,0.055,14.963,0.078,11.864,0.272,8.929,0.468,,,,,,,,1.493016,2.598171
24.1638704,0.0153618,b'01h36m39.33s',b'00d00m55.30s',0.7959,0.8022,-0.3279,15.983,0.252,4.3,0.451,14.398,,1.7,0.841,1,0,b'0000',b'BU',5,57948.10897884,242100001351032448,16.044,0.055,14.963,0.078,11.864,0.272,8.929,0.468,,,,,,,,1.671623,202.754646
24.1636124,0.0159661,b'01h36m39.27s',b'00d00m57.48s',1.6829,1.6068,-0.4169,16.179,,2.0,0.942,14.616,,1.3,0.534,1,0,b'0000',b'UU',10,56668.48534951,242100001351032448,16.044,0.055,14.963,0.078,11.864,0.272,8.929,0.468,,,,,,,,1.698136,291.920955
24.1637704,0.0161703,b'01h36m39.30s',b'00d00m58.21s',0.4264,0.4477,-0.1863,15.614,0.152,7.1,2.514,14.452,0.273,4.0,0.556,1,0,b'0000',b'BB',10,58839.18517110,242100001351032448,16.044,0.055,14.963,0.078,11.864,0.272,8.929,0.468,,,,,,,,1.699278,323.676339
24.1638389,0.0162213,b'01h36m39.32s',b'00d00m58.40s',0.4720,0.6668,-0.3401,15.568,0.258,4.2,1.045,14.962,0.293,3.7,0.808,1,0,b'0000',b'BB',10,57392.24403779,242100001351032448,16.044,0.055,14.963,0.078,11.864,0.272,8.929,0.468,,,,,,,,1.728686,333.920541
24.1635791,0.0156577,b'01h36m39.26s',b'00d00m56.37s',0.8272,0.7071,-0.2396,16.117,0.273,4.0,0.687,14.725,0.335,3.2,0.739,1,0,b'0000',b'BB',10,57218.86675589,242100001351032448,16.044,0.055,14.963,0.078,11.864,0.272,8.929,0.468,,,,,,,,1.760875,254.307219
24.1635558,0.0157615,b'01h36m39.25s',b'00d00m56.74s',0.9260,0.8359,0.2679,15.779,0.354,3.1,0.894,14.885,,1.4,1.089,1,0,b'0000',b'BU',10,57751.30204449,242100001351032448,16.044,0.055,14.963,0.078,11.864,0.272,8.929,0.468,,,,,,,,1.782075,266.699468
24.1644252,0.0154448,b'01h36m39.46s',b'00d00m55.60s',0.5842,0.5973,-0.2446,15.683,0.192,5.7,0.787,14.632,0.363,3.0,1.176,1,0,b'0000',b'BC',10,56668.22175961,242100001351032448,16.044,0.055,14.963,0.078,11.864,0.272,8.929,0.468,,,,,,,,1.83543,132.61538
24.1643057,0.0162345,b'01h36m39.43s',b'00d00m58.44s',0.7900,0.8298,-0.0746,16.150,0.275,4.0,0.814,14.998,0.424,2.6,0.385,1,0,b'0000',b'BC',10,57750.84349953,242100001351032448,16.044,0.055,14.963,0.078,11.864,0.272,8.929,0.468,,,,,,,,1.846076,29.909798
24.1639176,0.0162873,b'01h36m39.34s',b'00d00m58.63s',0.6080,0.6225,-0.3110,15.661,0.241,4.5,1.086,14.353,,2.0,0.700,1,0,b'0000',b'BU',10,57032.05761174,242100001351032448,16.044,0.055,14.963,0.078,11.864,0.272,8.929,0.468,,,,,,,,1.852643,345.091533
24.1638360,0.0162607,b'01h36m39.32s',b'00d00m58.54s',0.5599,0.5228,-0.2103,15.920,0.246,4.4,1.816,14.072,0.249,4.4,0.746,1,0,b'0000',b'BB',5,58314.32628780,242100001351032448,16.044,0.055,14.963,0.078,11.864,0.272,8.929,0.468,,,,,,,,1.861428,335.551461
24.1635783,0.0160133,b'01h36m39.26s',b'00d00m57.65s',0.5919,0.5300,-0.1704,15.599,0.173,6.3,1.110,14.829,0.380,2.9,0.457,1,0,b'0000',b'BC',10,58314.45706374,242100001351032448,16.044,0.055,14.963,0.078,11.864,0.272,8.929,0.468,,,,,,,,1.878785,295.3326
24.1636574,0.0154392,b'01h36m39.28s',b'00d00m55.58s',0.9369,1.0165,-0.3609,16.282,0.341,3.2,0.483,15.174,0.385,2.8,1.231,1,0,b'0000',b'BC',10,58839.57813647,242100001351032448,16.044,0.055,14.963,0.078,11.864,0.272,8.929,0.468,,,,,,,,1.895376,228.218245
24.1645895,0.0157080,b'01h36m39.50s',b'00d00m56.55s',0.8537,0.7628,-0.2825,16.164,0.324,3.3,0.809,14.817,0.324,3.4,0.667,1,0,b'0000',b'BB',10,57219.26035671,242100001351032448,16.044,0.055,14.963,0.078,11.864,0.272,8.929,0.468,,,,,,,,1.964507,98.642388
24.1638038,0.0162815,b'01h36m39.31s',b'00d00m58.61s',0.5839,0.5851,-0.2065,15.600,0.172,6.3,1.912,14.768,,1.8,1.122,1,0,b'0000',b'BU',10,58111.93330558,242100001351032448,16.044,0.055,14.963,0.078,11.864,0.272,8.929,0.468,,,,,,,,1.978974,333.392999
24.1638620,0.0163111,b'01h36m39.33s',b'00d00m58.72s',1.2481,1.0990,-0.1860,16.263,,1.9,0.788,15.028,0.371,2.9,0.544,1,0,b'0000',b'UC',10,57032.58326377,242100001351032448,16.044,0.055,14.963,0.078,11.864,0.272,8.929,0.468,,,,,,,,1.994314,340.16181
24.1638141,0.0162945,b'01h36m39.32s',b'00d00m58.66s',0.4715,0.4604,0.0487,15.497,0.156,7.0,1.054,14.051,0.325,3.3,0.728,1,0,b'0000',b'BB',5,57583.70575769,242100001351032448,16.044,0.055,14.963,0.078,11.864,0.272,8.929,0.468,,,,,,,,2.004941,334.939602
24.1642583,0.0152727,b'01h36m39.42s',b'00d00m54.98s',0.8736,0.7923,-0.2255,16.225,0.272,4.0,0.938,15.326,0.462,2.3,0.569,1,0,b'0000',b'BC',5,57392.50622750,242100001351032448,16.044,0.055,14.963,0.078,11.864,0.272,8.929,0.468,,,,,,,,2.007588,158.066947
24.1637522,0.0153167,b'01h36m39.30s',b'00d00m55.14s',0.9413,0.8902,0.2317,16.436,0.379,2.9,1.576,14.790,0.336,3.2,0.658,1,0,b'0000',b'CB',10,57582.85412267,242100001351032448,16.044,0.055,14.963,0.078,11.864,0.272,8.929,0.468,,,,,,,,2.013097,212.178071
24.1635010,0.0159562,b'01h36m39.24s',b'00d00m57.44s',1.4520,1.5271,-1.0439,15.911,0.510,2.1,1.150,14.637,,0.4,0.758,1,0,b'0000',b'CU',10,56857.51674036,242100001351032448,16.044,0.055,14.963,0.078,11.864,0.272,8.929,0.468,,,,,,,,2.06498,286.842757
24.1642222,0.0163417,b'01h36m39.41s',b'00d00m58.83s',0.4655,0.4362,-0.1096,15.383,0.177,6.1,1.012,14.844,,1.8,0.847,1,0,b'0000',b'BU',5,57583.24721435,242100001351032448,16.044,0.055,14.963,0.078,11.864,0.272,8.929,0.468,,,,,,,,2.08062,17.334508
24.1634847,0.0156471,b'01h36m39.24s',b'00d00m56.33s',0.6810,0.6389,-0.1303,15.856,0.211,5.1,0.962,14.205,,1.9,0.748,1,0,b'0000',b'BU',10,56857.84578067,242100001351032448,16.044,0.055,14.963,0.078,11.864,0.272,8.929,0.468,,,,,,,,2.099094,255.813612
24.1645190,0.0154041,b'01h36m39.48s',b'00d00m55.45s',0.5612,0.5063,-0.3571,14.758,0.149,7.3,1.313,14.585,,-0.2,1.012,1,0,b'0000',b'BU',5,56857.31949443,242100001351032448,16.044,0.055,14.963,0.078,11.864,0.272,8.929,0.468,,,,,,,,2.186477,129.448044
24.1634629,0.0155920,b'01h36m39.23s',b'00d00m56.13s',0.7203,0.6092,-0.2620,15.803,0.193,5.6,0.951,14.779,,1.1,0.990,1,0,b'0000',b'BU',5,58112.45704692,242100001351032448,16.044,0.055,14.963,0.078,11.864,0.272,8.929,0.468,,,,,,,,2.230521,251.363275
24.1643035,0.0163672,b'01h36m39.43s',b'00d00m58.92s',0.5186,0.5813,-0.0556,15.645,0.175,6.2,1.297,15.201,0.438,2.5,1.027,1,0,b'0000',b'BC',10,58111.99888468,242100001351032448,16.044,0.055,14.963,0.078,11.864,0.272,8.929,0.468,,,,,,,,2.26949,23.710561
24.1640141,0.0151570,b'01h36m39.36s',b'00d00m54.57s',0.6179,0.6282,-0.3375,15.757,0.200,5.4,1.047,14.715,0.388,2.8,0.626,1,0,b'0000',b'BC',10,56668.55118333,242100001351032448,16.044,0.055,14.963,0.078,11.864,0.272,8.929,0.468,,,,,,,,2.282461,183.245999
24.1637214,0.0163675,b'01h36m39.29s',b'00d00m58.92s',0.7684,0.7818,-0.3820,16.095,0.270,4.0,1.491,14.668,0.343,3.2,1.070,1,0,b'0000',b'BB',10,56668.74881215,242100001351032448,16.044,0.055,14.963,0.078,11.864,0.272,8.929,0.468,,,,,,,,2.391994,330.359937
24.1638449,0.0164352,b'01h36m39.32s',b'00d00m59.17s',1.0252,0.9365,-0.2446,16.358,0.347,3.1,0.670,14.926,0.498,2.2,0.532,1,0,b'0000',b'BC',10,57583.83678826,242100001351032448,16.044,0.055,14.963,0.078,11.864,0.272,8.929,0.468,,,,,,,,2.437254,342.365273
24.1641567,0.0164711,b'01h36m39.40s',b'00d00m59.30s',0.6565,0.5997,0.0518,15.533,0.202,5.4,1.312,14.853,0.327,3.3,0.782,1,0,b'0000',b'BB',10,57583.50914814,242100001351032448,16.044,0.055,14.963,0.078,11.864,0.272,8.929,0.468,,,,,,,,2.481866,8.903496
24.1639016,0.0165605,b'01h36m39.34s',b'00d00m59.62s',0.6120,0.6314,-0.2633,15.863,0.203,5.4,1.559,15.398,0.527,2.1,0.918,1,0,b'0000',b'BC',10,57391.65395161,242100001351032448,16.044,0.055,14.963,0.078,11.864,0.272,8.929,0.468,,,,,,,,2.82478,349.098202
24.1641810,0.0165930,b'01h36m39.40s',b'00d00m59.73s',0.6745,0.6041,-0.3684,15.580,0.240,4.5,1.436,14.821,0.456,2.4,0.342,1,0,b'0000',b'BC',0,58678.62818721,242100001351032448,16.044,0.055,14.963,0.078,11.864,0.272,8.929,0.468,,,,,,,,2.929015,9.265509
24.1634198,0.0164283,b'01h36m39.22s',b'00d00m59.14s',0.9566,0.7779,-0.4695,15.706,0.306,3.5,1.413,14.787,,1.1,0.450,1,0,b'0000',b'BU',10,58314.19538455,242100001351032448,16.044,0.055,14.963,0.078,11.864,0.272,8.929,0.468,,,,,,,,3.22914,315.365858
24.1638670,0.0166816,b'01h36m39.33s',b'00d01m00.05s',0.8003,0.7993,-0.2414,15.950,0.289,3.8,1.056,14.965,0.377,2.9,0.600,1,0,b'0000',b'BC',10,57750.97453061,242100001351032448,16.044,0.055,14.963,0.078,11.864,0.272,8.929,0.468,,,,,,,,3.276671,348.401184
24.1630245,0.0154981,b'01h36m39.13s',b'00d00m55.79s',1.0936,0.9694,-0.4773,16.021,0.395,2.7,0.951,15.032,0.494,2.2,0.358,1,0,b'0000',b'CC',10,59046.14611233,,,,,,,,,,,,,,,,,3.838444,254.11144
24.1650372,0.0167520,b'01h36m39.61s',b'00d01m00.31s',1.0465,0.9581,-0.2817,16.247,0.312,3.5,1.017,14.493,,1.8,1.048,1,0,b'0000',b'BU',10,56854.42485775,,,,,,,,,,,,,,,,,4.962268,45.740699
24.1639381,0.0173179,b'01h36m39.35s',b'00d01m02.34s',0.4955,0.5130,-0.1940,15.741,0.198,5.5,1.359,14.443,0.352,3.1,1.374,1,0,b'0000',b'BB',10,58112.06433646,,,,,,,,,,,,,,,,,5.515171,355.811263
24.1638155,0.0173114,b'01h36m39.32s',b'00d01m02.32s',0.9467,0.9555,0.2410,16.033,0.342,3.2,1.118,14.562,,0.7,0.969,1,0,b'0000',b'BU',10,56854.49069127,,,,,,,,,,,,,,,,,5.541718,351.237708
24.1638544,0.0173832,b'01h36m39.33s',b'00d01m02.58s',0.6353,0.5267,-0.1111,15.535,0.210,5.2,1.435,15.137,0.452,2.4,0.400,1,0,b'0000',b'BC',10,58314.65341858,,,,,,,,,,,,,,,,,5.778584,353.000722
24.1637499,0.0173726,b'01h36m39.30s',b'00d01m02.54s',0.6058,0.6517,-0.2321,15.783,0.241,4.5,1.123,14.675,0.273,4.0,1.025,1,0,b'0000',b'BB',5,59045.94988490,,,,,,,,,,,,,,,,,5.798887,349.26279
24.1641120,0.0141346,b'01h36m39.39s',b'00d00m50.88s',0.8223,0.8549,-0.2889,16.365,0.283,3.8,0.916,15.428,0.523,2.1,1.626,1,0,b'0000',b'BC',10,57392.11287922,,,,,,,,,,,,,,,,,5.963619,177.855093
24.1636696,0.0141488,b'01h36m39.28s',b'00d00m50.94s',1.0336,1.1895,-0.4772,16.320,0.363,3.0,0.476,15.256,0.494,2.2,0.684,1,0,b'0000',b'CC',5,57219.58837853,,,,,,,,,,,,,,,,,6.064949,193.049677
24.1625057,0.0164866,b'01h36m39.00s',b'00d00m59.35s',0.9251,1.0106,0.0713,16.367,,1.2,0.989,13.709,0.346,3.1,0.857,1,0,b'0000',b'UB',10,56854.55639742,,,,,,,,,,,,,,,,,6.098908,294.279097
24.1643749,0.0174530,b'01h36m39.45s',b'00d01m02.83s',0.5375,0.4397,-0.1448,15.397,0.150,7.3,2.709,15.012,,0.9,0.616,1,0,b'0000',b'BU',10,57583.31266596,,,,,,,,,,,,,,,,,6.099986,11.05462
24.1637744,0.0140592,b'01h36m39.31s',b'00d00m50.61s',0.6771,0.6460,-0.2863,15.820,0.200,5.4,1.292,15.046,,0.6,0.778,1,0,b'0000',b'BU',10,56854.09594468,,,,,,,,,,,,,,,,,6.309378,189.047407
24.1638571,0.0176442,b'01h36m39.33s',b'00d01m03.52s',0.7327,0.6848,-0.3078,15.754,0.210,5.2,1.380,14.253,,1.8,0.756,1,0,b'0000',b'BU',10,56857.58257382,,,,,,,,,,,,,,,,,6.711145,354.060652
24.1653726,0.0171816,b'01h36m39.69s',b'00d01m01.85s',1.0247,0.9829,-0.3511,16.313,,1.6,1.791,14.380,0.392,2.8,1.037,1,0,b'0000',b'UC',10,57751.30204449,,,,,,,,,,,,,,,,,6.911458,43.543747
24.1639542,0.0177761,b'01h36m39.35s',b'00d01m03.99s',0.6005,0.5883,0.1361,15.670,0.187,5.8,1.173,15.488,,-0.3,0.717,1,0,b'0000',b'BU',5,57219.32606291,,,,,,,,,,,,,,,,,7.158273,357.238465
24.1640916,0.0178211,b'01h36m39.38s',b'00d01m04.16s',0.6296,0.5960,-0.1527,15.691,0.186,5.8,0.945,15.250,,0.4,1.053,1,0,b'0000',b'BU',10,57032.78038336,,,,,,,,,,,,,,,,,7.313494,1.17334
24.1638297,0.0178237,b'01h36m39.32s',b'00d01m04.17s',0.8644,0.7586,-0.3493,15.939,0.248,4.4,1.026,15.340,,-0.6,0.587,1,0,b'0000',b'BU',10,56668.81477333,,,,,,,,,,,,,,,,,7.36415,353.817557
24.1638275,0.0178476,b'01h36m39.32s',b'00d01m04.25s',0.6679,0.6197,-0.2917,15.769,0.194,5.6,0.609,14.568,,1.7,0.634,1,0,b'0000',b'BU',10,56669.07823603,,,,,,,,,,,,,,,,,7.450542,353.828263
24.1641015,0.0178595,b'01h36m39.38s',b'00d01m04.29s',0.5374,0.4542,-0.1291,15.522,0.157,6.9,1.207,14.897,0.367,3.0,1.007,1,0,b'0000',b'BC',5,57218.73559804,,,,,,,,,,,,,,,,,7.452507,1.425525
24.1637252,0.0178610,b'01h36m39.29s',b'00d01m04.30s',0.9972,0.6670,-0.2346,15.343,0.263,4.1,0.684,14.204,,0.8,0.816,1,0,b'0000',b'BU',10,56857.38520062,,,,,,,,,,,,,,,,,7.546734,351.086768
24.1639820,0.0178862,b'01h36m39.36s',b'00d01m04.39s',0.5463,0.5580,-0.2181,15.714,0.173,6.3,1.085,15.276,,0.3,0.728,1,0,b'0000',b'BU',5,58678.88986631,,,,,,,,,,,,,,,,,7.55029,358.141996
24.1640634,0.0178965,b'01h36m39.38s',b'00d01m04.43s',0.6343,0.5763,-0.2048,15.600,0.260,4.2,0.413,14.325,0.243,4.5,1.035,1,0,b'0000',b'BB',10,58839.31645644,,,,,,,,,,,,,,,,,7.583554,0.364469
24.1634632,0.0178236,b'01h36m39.23s',b'00d01m04.16s',1.1234,1.0379,0.2215,16.371,0.356,3.1,0.808,15.227,,0.8,0.629,1,0,b'0000',b'BU',10,57751.43307558,,,,,,,,,,,,,,,,,7.619648,343.904383
24.1633223,0.0137359,b'01h36m39.20s',b'00d00m49.45s',0.7183,0.7472,-0.3093,16.286,0.299,3.6,0.963,15.345,0.420,2.6,0.714,1,0,b'0000',b'BC',10,58112.06433646,242100001351032841,16.784,0.089,16.190,0.194,12.407,0.401,8.604,,,,,,,,,7.845088,199.50756
24.1639902,0.0179733,b'01h36m39.36s',b'00d01m04.70s',0.8395,0.6707,0.2546,15.511,0.253,4.3,1.385,14.301,,2.0,1.110,1,0,b'0000',b'BU',10,56857.71411356,,,,,,,,,,,,,,,,,7.862828,358.431076
24.1639124,0.0179733,b'01h36m39.34s',b'00d01m04.70s',0.6343,0.6149,-0.2386,15.918,0.266,4.1,1.154,14.819,0.309,3.5,0.970,1,0,b'0000',b'BB',10,56668.61714451,,,,,,,,,,,,,,,,,7.875474,356.393768
24.1638373,0.0179699,b'01h36m39.32s',b'00d01m04.69s',0.4264,0.4414,-0.2093,15.571,0.152,7.2,1.628,14.967,0.353,3.1,0.863,1,0,b'0000',b'BB',10,58111.47514325,,,,,,,,,,,,,,,,,7.884909,354.427104
24.1643575,0.0179642,b'01h36m39.45s',b'00d01m04.67s',0.6738,0.6743,-0.2559,15.855,0.215,5.0,0.515,15.060,0.480,2.3,0.526,1,0,b'0000',b'BC',5,59046.53843976,,,,,,,,,,,,,,,,,7.905015,8.050027
24.1637521,0.0179661,b'01h36m39.30s',b'00d01m04.68s',0.3790,0.4286,-0.1367,15.441,0.147,7.4,2.162,15.026,0.438,2.5,0.673,1,0,b'0000',b'BC',10,58111.86785384,,,,,,,,,,,,,,,,,7.907026,352.204875
24.1640127,0.0179898,b'01h36m39.36s',b'00d01m04.76s',0.6557,0.6879,-0.1203,15.886,0.210,5.2,0.746,14.274,,2.0,0.414,1,0,b'0000',b'BU',10,57583.57472706,,,,,,,,,,,,,,,,,7.920418,359.028581
24.1641924,0.0180029,b'01h36m39.41s',b'00d01m04.81s',0.7706,0.7611,-0.2779,16.048,0.263,4.1,0.772,15.290,0.432,2.5,0.659,1,0,b'0000',b'BC',10,57582.98515330,,,,,,,,,,,,,,,,,7.982917,3.681904
24.1640509,0.0180239,b'01h36m39.37s',b'00d01m04.89s',0.6720,0.6383,0.1508,15.767,0.204,5.3,0.636,14.292,,1.1,1.036,1,0,b'0000',b'BU',10,56854.81960425,,,,,,,,,,,,,,,,,8.042041,0.023083
24.1641035,0.0180286,b'01h36m39.38s',b'00d01m04.90s',0.5762,0.6962,-0.2471,15.731,0.207,5.3,0.604,14.322,,1.4,0.625,1,0,b'0000',b'BU',10,57219.12919892,,,,,,,,,,,,,,,,,8.061261,1.369043
24.1638250,0.0180248,b'01h36m39.32s',b'00d01m04.89s',0.5742,0.5578,-0.2369,15.574,0.171,6.3,0.732,14.793,,1.5,1.226,1,0,b'0000',b'BU',10,56668.55118333,,,,,,,,,,,,,,,,,8.085953,354.250826
24.1641867,0.0180477,b'01h36m39.40s',b'00d01m04.97s',0.6179,0.6214,-0.1298,15.918,0.204,5.3,0.512,14.301,,1.2,1.950,1,0,b'0000',b'BU',10,58839.57813647,,,,,,,,,,,,,,,,,8.142605,3.464934
24.1637181,0.0180429,b'01h36m39.29s',b'00d01m04.95s',0.5643,0.5713,-0.2645,15.744,0.187,5.8,0.807,14.960,0.374,2.9,0.438,1,0,b'0000',b'BC',10,57391.78498285,,,,,,,,,,,,,,,,,8.19798,351.619398
24.1640544,0.0180823,b'01h36m39.37s',b'00d01m05.10s',0.7727,0.7692,-0.2117,16.011,0.233,4.7,0.617,14.948,,-1.0,0.518,1,0,b'0000',b'BU',5,57947.38888344,,,,,,,,,,,,,,,,,8.252295,0.109977
24.1636176,0.0180643,b'01h36m39.27s',b'00d01m05.03s',0.5887,0.5224,-0.1931,15.569,0.171,6.3,1.026,14.851,,1.2,0.414,1,0,b'0000',b'BU',10,56854.09594468,,,,,,,,,,,,,,,,,8.334144,349.235152
24.1636803,0.0180784,b'01h36m39.28s',b'00d01m05.08s',0.9994,0.9089,-0.5172,15.401,0.276,3.9,0.654,14.365,,0.7,0.917,1,0,b'0000',b'BU',5,56857.31949443,,,,,,,,,,,,,,,,,8.345055,350.822934
24.1634059,0.0180494,b'01h36m39.22s',b'00d01m04.98s',0.8192,0.7789,-0.3979,15.748,0.233,4.6,0.866,15.355,0.509,2.1,0.849,1,0,b'0000',b'BC',5,58839.64346082,,,,,,,,,,,,,,,,,8.457896,344.088438
24.1638680,0.0181327,b'01h36m39.33s',b'00d01m05.28s',0.5953,0.6093,-0.1799,15.835,0.195,5.6,1.185,14.197,,1.2,0.654,1,0,b'0000',b'BU',10,57583.37824493,,,,,,,,,,,,,,,,,8.459132,355.557721
24.1637768,0.0181328,b'01h36m39.31s',b'00d01m05.28s',0.6272,0.6538,-0.3556,15.926,0.213,5.1,0.685,15.075,0.388,2.8,0.506,1,0,b'0000',b'BC',10,57751.17101354,,,,,,,,,,,,,,,,,8.491232,353.348631
24.1645091,0.0181113,b'01h36m39.48s',b'00d01m05.20s',1.2154,1.1460,-0.4523,16.610,0.381,2.9,1.062,14.986,,0.8,0.276,1,0,b'0000',b'CU',10,58475.39420605,,,,,,,,,,,,,,,,,8.518551,11.187416
24.1639852,0.0181572,b'01h36m39.36s',b'00d01m05.37s',0.5981,0.5551,-0.1810,15.985,0.236,4.6,1.805,14.192,0.249,4.4,0.544,1,0,b'0000',b'BB',10,57751.10556170,,,,,,,,,,,,,,,,,8.525112,358.431971
24.1638995,0.0181539,b'01h36m39.34s',b'00d01m05.35s',0.5971,0.5740,0.1989,15.616,0.175,6.2,1.227,14.612,,1.4,0.333,1,0,b'0000',b'BU',10,56853.96440487,,,,,,,,,,,,,,,,,8.52727,356.357125
24.1636347,0.0181237,b'01h36m39.27s',b'00d01m05.25s',0.5547,0.4960,-0.1873,15.630,0.167,6.5,1.162,15.004,0.416,2.6,0.954,1,0,b'0000',b'BC',10,57032.32043775,,,,,,,,,,,,,,,,,8.533314,349.909407
24.1635092,0.0180995,b'01h36m39.24s',b'00d01m05.16s',0.5922,0.6300,-0.2012,16.130,0.276,3.9,0.754,14.148,0.249,4.4,1.163,1,0,b'0000',b'BB',10,58475.32875431,,,,,,,,,,,,,,,,,8.539102,346.820892
24.1639309,0.0181684,b'01h36m39.34s',b'00d01m05.41s',0.6276,0.7091,-0.2923,15.948,0.213,5.1,1.008,14.879,,1.7,1.089,1,0,b'0000',b'BU',10,57392.11287922,,,,,,,,,,,,,,,,,8.572968,357.13327
24.1636357,0.0181366,b'01h36m39.27s',b'00d01m05.29s',0.5702,0.5743,-0.2385,15.627,0.184,5.9,0.955,15.329,,-0.1,0.634,1,0,b'0000',b'BU',10,57032.64897030,,,,,,,,,,,,,,,,,8.578412,349.987424
24.1635026,0.0181103,b'01h36m39.24s',b'00d01m05.20s',0.6397,0.5975,-0.1680,15.696,0.183,5.9,0.710,14.910,,0.4,0.414,1,0,b'0000',b'BU',10,57947.58523823,,,,,,,,,,,,,,,,,8.582387,346.725627
24.1638671,0.0181693,b'01h36m39.33s',b'00d01m05.41s',0.8451,0.8557,-0.3376,16.126,0.282,3.8,0.695,14.865,,-0.6,0.393,1,0,b'0000',b'BU',10,56668.94656833,,,,,,,,,,,,,,,,,8.59075,355.604241
24.1637858,0.0181679,b'01h36m39.31s',b'00d01m05.40s',0.5912,0.5714,-0.2295,15.771,0.189,5.7,1.097,15.252,,0.6,0.492,1,0,b'0000',b'BU',5,58839.44723251,,,,,,,,,,,,,,,,,8.613116,353.660073
24.1638880,0.0181879,b'01h36m39.33s',b'00d01m05.48s',0.8985,0.7943,-0.1673,16.205,0.279,3.9,0.805,15.289,0.445,2.4,0.479,1,0,b'0000',b'BC',10,57032.91179641,,,,,,,,,,,,,,,,,8.652118,356.135021
24.1636767,0.0181695,b'01h36m39.28s',b'00d01m05.41s',0.5026,0.4833,-0.0914,15.639,0.163,6.7,0.297,15.249,0.500,2.2,0.682,1,0,b'0000',b'BC',10,58839.77436426,,,,,,,,,,,,,,,,,8.670974,351.084014
24.1639448,0.0182036,b'01h36m39.35s',b'00d01m05.53s',0.6608,0.6942,-0.2127,16.021,0.227,4.8,0.808,14.914,,1.3,0.924,1,0,b'0000',b'BU',10,58111.86798122,,,,,,,,,,,,,,,,,8.69721,357.504266
24.1664062,0.0163689,b'01h36m39.94s',b'00d00m58.93s',1.6537,1.4481,-0.8905,16.548,0.479,2.3,0.484,15.488,,-0.1,0.325,1,0,b'0000',b'CU',10,58839.77436426,,,,,,,,,,,,,,,,,8.734585,76.196289
24.1645456,0.0181711,b'01h36m39.49s',b'00d01m05.42s',0.8265,0.9151,-0.3589,16.054,0.262,4.1,1.130,14.647,,1.9,0.880,1,0,b'0000',b'BU',5,57219.58837853,,,,,,,,,,,,,,,,,8.755668,11.757622
24.1638439,0.0182152,b'01h36m39.32s',b'00d01m05.57s',0.6226,0.5760,-0.2004,15.740,0.177,6.1,0.922,14.690,,1.5,0.351,1,0,b'0000',b'BU',10,58839.90514028,,,,,,,,,,,,,,,,,8.76219,355.142522
24.1637236,0.0182043,b'01h36m39.29s',b'00d01m05.54s',0.8937,0.7476,-0.3076,16.025,0.241,4.5,0.670,14.770,,1.0,0.875,1,0,b'0000',b'BU',10,57947.45433502,,,,,,,,,,,,,,,,,8.77055,352.30061
24.1629834,0.0135986,b'01h36m39.12s',b'00d00m48.95s',1.3037,1.2780,-0.5317,16.793,0.518,2.1,0.651,15.159,0.482,2.3,0.884,1,0,b'0000',b'CC',10,58112.32614341,242100001351032841,16.784,0.089,16.190,0.194,12.407,0.401,8.604,,,,,,,,,8.773865,205.953151
24.1636410,0.0181955,b'01h36m39.27s',b'00d01m05.50s',1.0400,0.9337,-0.3384,16.102,0.354,3.1,0.681,14.690,,1.4,0.624,1,0,b'0000',b'BU',5,59046.08066073,,,,,,,,,,,,,,,,,8.784082,350.35045
24.1636778,0.0182134,b'01h36m39.28s',b'00d01m05.57s',0.8738,0.8707,-0.4024,16.273,0.280,3.9,0.635,15.120,,0.9,1.035,1,0,b'0000',b'BU',10,57219.71966369,,,,,,,,,,,,,,,,,8.826536,351.268407
24.1642946,0.0182393,b'01h36m39.43s',b'00d01m05.66s',0.6326,0.7543,-0.2410,15.734,0.210,5.2,0.869,14.901,,0.9,0.861,1,0,b'0000',b'BU',5,57947.25798031,,,,,,,,,,,,,,,,,8.861339,5.70295
24.1643583,0.0182353,b'01h36m39.45s',b'00d01m05.65s',0.6546,0.5674,-0.1970,15.791,0.180,6.0,0.872,15.237,,0.6,0.529,1,0,b'0000',b'BU',5,57392.50622750,,,,,,,,,,,,,,,,,8.87277,7.185856
24.1638764,0.0182511,b'01h36m39.33s',b'00d01m05.70s',0.4649,0.4628,-0.1976,15.438,0.149,7.3,1.784,14.565,,0.7,0.704,1,0,b'0000',b'BU',10,56854.95114406,,,,,,,,,,,,,,,,,8.881974,355.965178
24.1639110,0.0182536,b'01h36m39.34s',b'00d01m05.71s',0.6500,0.5892,-0.1558,15.822,0.196,5.5,0.901,14.147,,1.6,0.556,1,0,b'0000',b'BU',10,58314.58796696,,,,,,,,,,,,,,,,,8.883066,356.77071
24.1642011,0.0182641,b'01h36m39.41s',b'00d01m05.75s',0.5395,0.4974,-0.1706,15.580,0.163,6.7,1.043,14.641,,0.9,0.844,1,0,b'0000',b'BU',10,58679.34777284,,,,,,,,,,,,,,,,,8.923355,3.494868
24.1620657,0.0143039,b'01h36m38.90s',b'00d00m51.49s',0.8550,0.8364,-0.4548,15.824,0.345,3.1,1.105,14.712,,-2.2,0.393,1,0,b'0000',b'BU',10,56857.71411356,,,,,,,,,,,,,,,,,8.924762,233.169391
24.1631374,0.0134846,b'01h36m39.15s',b'00d00m48.54s',0.9062,1.0046,-0.2945,16.091,0.436,2.5,0.936,15.162,0.378,2.9,0.814,1,0,b'0000',b'CC',5,58475.59056132,242100001351032841,16.784,0.089,16.190,0.194,12.407,0.401,8.604,,,,,,,,,8.926046,201.596295
24.1636758,0.0182892,b'01h36m39.28s',b'00d01m05.84s',0.8881,0.7944,-0.3351,16.227,0.268,4.0,0.716,15.068,0.480,2.3,0.480,1,0,b'0000',b'BC',10,57751.56398267,,,,,,,,,,,,,,,,,9.097412,351.484482
24.1633728,0.0133421,b'01h36m39.21s',b'00d00m48.03s',0.8788,0.8826,-0.2487,16.416,0.302,3.6,0.625,15.131,0.426,2.5,0.586,1,0,b'0000',b'BC',10,57392.37506894,242100001351032841,16.784,0.089,16.190,0.194,12.407,0.401,8.604,,,,,,,,,9.143443,195.463854
24.1637997,0.0183187,b'01h36m39.31s',b'00d01m05.95s',0.6696,0.6136,-0.2358,15.747,0.190,5.7,0.940,15.141,,0.5,0.697,1,0,b'0000',b'BU',10,58678.36650816,,,,,,,,,,,,,,,,,9.147807,354.347068
24.1639801,0.0183339,b'01h36m39.36s',b'00d01m06.00s',1.2591,1.1185,-0.3613,16.485,0.363,3.0,1.017,14.894,,0.2,0.882,1,0,b'0000',b'CU',10,56854.29331795,,,,,,,,,,,,,,,,,9.161497,358.426052
24.1634225,0.0182746,b'01h36m39.22s',b'00d01m05.79s',0.8679,0.6694,-0.3601,15.730,0.240,4.5,0.999,14.723,,0.6,1.265,1,0,b'0000',b'BU',10,56854.35902414,,,,,,,,,,,,,,,,,9.225412,345.826021
24.1665241,0.0151203,b'01h36m39.97s',b'00d00m54.43s',1.6063,2.0225,-0.7688,16.243,,1.3,0.510,15.039,,1.5,0.413,1,0,b'0000',b'UU',10,57392.24403779,,,,,,,,,,,,,,,,,9.227291,105.146112
24.1636245,0.0183273,b'01h36m39.27s',b'00d01m05.98s',0.6130,0.5603,-0.2033,15.658,0.180,6.0,0.502,15.353,0.543,2.0,0.858,1,0,b'0000',b'BC',10,57391.91614146,,,,,,,,,,,,,,,,,9.261829,350.480197
24.1643186,0.0183516,b'01h36m39.44s',b'00d01m06.07s',0.9899,0.9942,-0.3283,16.152,0.300,3.6,0.607,15.085,,0.4,0.846,1,0,b'0000',b'BU',10,57032.45185072,,,,,,,,,,,,,,,,,9.272317,5.985951
24.1625541,0.0136929,b'01h36m39.01s',b'00d00m49.29s',0.9035,1.0459,-0.2907,16.263,0.307,3.5,0.915,14.985,,1.6,0.676,1,0,b'0000',b'BU',10,58839.31645644,242100001351032841,16.784,0.089,16.190,0.194,12.407,0.401,8.604,,,,,,,,,9.273439,215.500961
24.1642442,0.0183666,b'01h36m39.42s',b'00d01m06.12s',1.2086,0.7875,0.3596,16.033,0.299,3.6,0.484,15.281,0.476,2.3,0.638,1,0,b'0000',b'BC',10,58678.69363883,,,,,,,,,,,,,,,,,9.302069,4.31027
24.1639861,0.0183747,b'01h36m39.36s',b'00d01m06.15s',0.7546,0.7029,-0.1835,15.982,0.253,4.3,0.552,14.939,,1.0,0.927,1,0,b'0000',b'BU',10,58475.65588576,,,,,,,,,,,,,,,,,9.307763,358.583799
24.1640739,0.0183759,b'01h36m39.38s',b'00d01m06.15s',0.6381,0.4926,-0.2850,15.412,0.180,6.0,0.635,14.265,,1.5,0.491,1,0,b'0000',b'BU',5,58315.04600160,,,,,,,,,,,,,,,,,9.309638,0.529537
24.1639324,0.0183773,b'01h36m39.34s',b'00d01m06.16s',0.8748,0.8622,-0.3368,16.088,0.257,4.2,1.159,14.833,,1.0,0.941,1,0,b'0000',b'BU',5,57947.12694983,,,,,,,,,,,,,,,,,9.323897,357.397538
24.1639249,0.0183836,b'01h36m39.34s',b'00d01m06.18s',1.3520,1.2949,-0.4979,16.417,0.411,2.6,0.294,15.146,,0.6,0.226,1,0,b'0000',b'CU',10,58112.19523999,,,,,,,,,,,,,,,,,9.347815,357.238529
24.1614611,0.0154873,b'01h36m38.75s',b'00d00m55.75s',0.9023,0.9006,-0.2456,16.160,0.268,4.1,0.669,15.106,,0.4,1.141,1,0,b'0000',b'BU',10,56668.94656833,,,,,,,,,,,,,,,,,9.38353,263.331129
24.1632739,0.0133002,b'01h36m39.19s',b'00d00m47.88s',0.6479,0.5913,-0.1887,15.704,0.186,5.8,1.015,14.910,,0.8,0.540,1,0,b'0000',b'BU',10,56668.48534951,242100001351032841,16.784,0.089,16.190,0.194,12.407,0.401,8.604,,,,,,,,,9.388642,197.312871
24.1637006,0.0183900,b'01h36m39.29s',b'00d01m06.20s',0.8417,0.8093,-0.2580,16.020,0.240,4.5,1.019,15.146,,0.2,1.406,1,0,b'0000',b'BU',10,57219.19477785,,,,,,,,,,,,,,,,,9.444139,352.346183
24.1642154,0.0184187,b'01h36m39.41s',b'00d01m06.31s',1.3605,1.4497,-0.8884,16.405,0.510,2.1,1.493,14.730,,1.8,0.699,1,0,b'0000',b'CU',10,57219.26035671,,,,,,,,,,,,,,,,,9.482035,3.600352
24.1651497,0.0182117,b'01h36m39.64s',b'00d01m05.56s',1.0607,1.0314,-0.2453,16.316,0.316,3.4,1.140,15.009,,0.0,0.604,1,0,b'0000',b'BU',10,56668.09009197,,,,,,,,,,,,,,,,,9.574897,24.422916
24.1638493,0.0184455,b'01h36m39.32s',b'00d01m06.40s',0.5597,0.5600,-0.2492,15.838,0.183,5.9,1.137,15.098,,1.2,1.172,1,0,b'0000',b'BU',10,58474.93617113,,,,,,,,,,,,,,,,,9.587065,355.67786
24.1666596,0.0163489,b'01h36m40.00s',b'00d00m58.86s',1.5589,1.8139,0.4702,16.721,0.540,2.0,1.727,15.375,,-0.1,0.712,1,0,b'0000',b'CU',10,56668.94656833,,,,,,,,,,,,,,,,,9.607604,77.91154
24.1661685,0.0141569,b'01h36m39.88s',b'00d00m50.96s',1.1126,1.3842,-0.8671,16.796,,0.5,0.701,14.436,0.434,2.5,0.862,1,0,b'0000',b'UC',5,57947.84717245,,,,,,,,,,,,,,,,,9.629618,127.627754
24.1637724,0.0184697,b'01h36m39.31s',b'00d01m06.49s',0.7330,0.7550,-0.2678,15.813,0.221,4.9,0.947,14.518,,1.3,0.484,1,0,b'0000',b'BU',10,56857.51674036,,,,,,,,,,,,,,,,,9.698546,354.085616
24.1662672,0.0173350,b'01h36m39.90s',b'00d01m02.41s',0.5385,0.5792,-0.2627,15.153,0.189,5.8,1.763,14.686,,-1.6,1.539,1,0,b'0000',b'BU',5,56857.31949443,,,,,,,,,,,,,,,,,9.728663,55.130257
24.1657529,0.0178937,b'01h36m39.78s',b'00d01m04.42s',1.0840,0.9612,-0.3871,16.577,0.354,3.1,1.291,15.006,0.536,2.0,1.061,1,0,b'0000',b'BC',10,58475.45965786,,,,,,,,,,,,,,,,,9.743586,38.989426
24.1634641,0.0184329,b'01h36m39.23s',b'00d01m06.36s',1.0419,1.4390,-0.6454,16.142,0.446,2.4,0.938,15.424,,-0.7,1.052,1,0,b'0000',b'CU',10,58679.21686970,,,,,,,,,,,,,,,,,9.745433,347.500348
24.1641550,0.0184966,b'01h36m39.40s',b'00d01m06.59s',0.8750,0.8024,-0.3229,16.164,0.253,4.3,1.157,15.461,,-1.5,0.680,1,0,b'0000',b'BU',10,57751.36749638,,,,,,,,,,,,,,,,,9.751089,2.221622
24.1638210,0.0184916,b'01h36m39.32s',b'00d01m06.57s',0.6256,0.6660,-0.2361,15.718,0.229,4.7,0.603,14.151,,1.5,0.529,1,0,b'0000',b'BU',5,57948.10897884,,,,,,,,,,,,,,,,,9.760637,355.154929
24.1617347,0.0172174,b'01h36m38.82s',b'00d01m01.98s',0.7323,0.6879,-0.2890,15.875,0.250,4.3,1.087,15.294,,-1.7,0.770,1,0,b'0000',b'BU',5,59045.81910912,,,,,,,,,,,,,,,,,9.791791,301.654148
24.1640134,0.0185174,b'01h36m39.36s',b'00d01m06.66s',1.0108,0.9818,-0.4181,16.585,0.420,2.6,0.720,14.895,0.422,2.6,0.935,1,0,b'0000',b'CC',10,57392.37506894,,,,,,,,,,,,,,,,,9.819524,359.231173
24.1631510,0.0132108,b'01h36m39.16s',b'00d00m47.56s',0.7684,0.7121,-0.2732,16.157,0.243,4.5,0.913,14.732,0.432,2.5,0.858,1,0,b'0000',b'BC',10,58111.60604677,242100001351032841,16.784,0.089,16.190,0.194,12.407,0.401,8.604,,,,,,,,,9.832992,199.216393
24.1639361,0.0185214,b'01h36m39.34s',b'00d01m06.68s',0.6348,0.7066,-0.1201,15.778,0.231,4.7,1.245,14.851,0.342,3.2,1.063,1,0,b'0000',b'BB',10,57582.85412267,,,,,,,,,,,,,,,,,9.841585,357.612137
24.1638627,0.0185213,b'01h36m39.33s',b'00d01m06.68s',0.8786,0.8455,-0.4643,15.883,0.244,4.4,0.714,14.829,,0.3,0.748,1,0,b'0000',b'BU',10,56668.48534951,,,,,,,,,,,,,,,,,9.855772,356.077061
24.1626686,0.0134034,b'01h36m39.04s',b'00d00m48.25s',1.5324,1.3655,-0.5681,16.675,0.426,2.5,0.847,15.152,,-0.5,0.424,1,0,b'0000',b'CU',10,57947.45433502,242100001351032841,16.784,0.089,16.190,0.194,12.407,0.401,8.604,,,,,,,,,9.927208,210.062904
24.1634380,0.0184824,b'01h36m39.23s',b'00d01m06.54s',0.8997,0.7964,-0.2089,16.115,0.246,4.4,0.635,15.602,,-0.7,1.002,1,0,b'0000',b'BU',10,58111.93343289,,,,,,,,,,,,,,,,,9.939887,347.193895
24.1626743,0.0133796,b'01h36m39.04s',b'00d00m48.17s',1.1914,1.0650,-0.2108,16.631,0.372,2.9,0.695,15.390,0.506,2.1,1.031,1,0,b'0000',b'CC',5,58839.70891253,242100001351032841,16.784,0.089,16.190,0.194,12.407,0.401,8.604,,,,,,,,,9.991267,209.714921
