SIMPLE  = T
BITPIX  = -64
NAXIS   = 2
NAXIS1  = 3601
NAXIS2  = 3600
CTYPE1  = 'RA---TAN'
CTYPE2  = 'DEC--TAN'
CRVAL1  =  275.195830
CRVAL2  =  -16.171670
CRPIX1  = 1801.000000
CRPIX2  = 1800.500000
CDELT1  =   -0.000277778
CDELT2  =    0.000277778
CROTA2  =    0.000000
EQUINOX = 2000.0
END
