ra,dec,clon,clat,sigra,sigdec,sigradec,w1mpro,w1sigmpro,w1snr,w1rchi2,w2mpro,w2sigmpro,w2snr,w2rchi2,nb,na,cc_flags,ph_qual,qual_frame,mjd,allwise_cntr,w1mpro_allwise,w1sigmpro_allwise,w2mpro_allwise,w2sigmpro_allwise,w3mpro_allwise,w3sigmpro_allwise,w4mpro_allwise,w4sigmpro_allwise,tmass_key,j_m_2mass,j_msig_2mass,h_m_2mass,h_msig_2mass,k_m_2mass,k_msig_2mass,dist,angle
182.5168455,-46.6075872,b'12h10m04.04s',b'-46d36m27.31s',0.0318,0.0373,0.0110,10.660,0.022,49.8,37.490,9.990,0.018,61.3,9.321,1,0,b'0000',b'AA',10,57212.26442691,1832047001351039998,10.924,0.023,10.104,0.020,6.799,0.015,4.137,0.024,1201945159,13.918,0.0810,13.086,0.0804,12.331,0.0581,0.090606,25.034154
182.5168486,-46.6076472,b'12h10m04.04s',b'-46d36m27.53s',0.0360,0.0477,-0.0124,11.276,0.020,53.6,76.520,10.450,0.019,57.0,50.220,1,0,b'0000',b'AA',0,57571.21608440,1832047001351039998,10.924,0.023,10.104,0.020,6.799,0.015,4.137,0.024,1201945159,13.918,0.0810,13.086,0.0804,12.331,0.0581,0.141585,161.042647
182.5168417,-46.6075689,b'12h10m04.04s',b'-46d36m27.25s',0.0333,0.0355,-0.0083,10.942,0.018,59.9,26.650,10.208,0.018,60.1,3.664,1,0,b'0000',b'AA',10,56852.93551656,1832047001351039998,10.924,0.023,10.104,0.020,6.799,0.015,4.137,0.024,1201945159,13.918,0.0810,13.086,0.0804,12.331,0.0581,0.150762,11.065499
182.5168369,-46.6075577,b'12h10m04.04s',b'-46d36m27.21s',0.0335,0.0306,-0.0008,10.879,0.019,56.1,25.710,10.083,0.016,67.7,6.258,1,0,b'0000',b'AA',10,57212.78918201,1832047001351039998,10.924,0.023,10.104,0.020,6.799,0.015,4.137,0.024,1201945159,13.918,0.0810,13.086,0.0804,12.331,0.0581,0.189044,5.178888
182.5168170,-46.6075580,b'12h10m04.04s',b'-46d36m27.21s',0.0355,0.0373,0.0111,11.026,0.020,54.7,40.210,10.182,0.017,62.5,11.450,1,0,b'0000',b'AA',10,56853.52750907,1832047001351039998,10.924,0.023,10.104,0.020,6.799,0.015,4.137,0.024,1201945159,13.918,0.0810,13.086,0.0804,12.331,0.0581,0.189942,350.254648
182.5168290,-46.6075553,b'12h10m04.04s',b'-46d36m27.20s',0.0315,0.0343,-0.0036,10.948,0.018,60.4,27.870,10.148,0.019,56.0,7.611,1,0,b'0000',b'AA',5,59029.95181367,1832047001351039998,10.924,0.023,10.104,0.020,6.799,0.015,4.137,0.024,1201945159,13.918,0.0810,13.086,0.0804,12.331,0.0581,0.196925,359.280445
182.5168311,-46.6075528,b'12h10m04.04s',b'-46d36m27.19s',0.0355,0.0394,0.0086,10.849,0.023,47.9,21.300,10.072,0.020,54.9,5.758,1,0,b'0000',b'AA',5,58294.91479161,1832047001351039998,10.924,0.023,10.104,0.020,6.799,0.015,4.137,0.024,1201945159,13.918,0.0810,13.086,0.0804,12.331,0.0581,0.20593,0.756912
182.5168163,-46.6075520,b'12h10m04.04s',b'-46d36m27.19s',0.0331,0.0335,-0.0061,10.948,0.018,59.9,29.960,10.187,0.016,67.1,9.365,1,0,b'0000',b'AA',5,57571.28153601,1832047001351039998,10.924,0.023,10.104,0.020,6.799,0.015,4.137,0.024,1201945159,13.918,0.0810,13.086,0.0804,12.331,0.0581,0.211542,350.782831
182.5168290,-46.6075511,b'12h10m04.04s',b'-46d36m27.18s',0.0310,0.0364,-0.0086,10.851,0.017,62.2,25.040,10.076,0.019,57.3,7.255,1,0,b'0000',b'AA',5,57212.13314177,1832047001351039998,10.924,0.023,10.104,0.020,6.799,0.015,4.137,0.024,1201945159,13.918,0.0810,13.086,0.0804,12.331,0.0581,0.212055,359.33175
182.5168212,-46.6075513,b'12h10m04.04s',b'-46d36m27.18s',0.0384,0.0350,0.0015,10.793,0.021,51.2,20.590,10.050,0.019,56.3,4.582,1,0,b'0000',b'AA',10,57931.37247042,1832047001351039998,10.924,0.023,10.104,0.020,6.799,0.015,4.137,0.024,1201945159,13.918,0.0810,13.086,0.0804,12.331,0.0581,0.212433,354.119825
182.5168810,-46.6075622,b'12h10m04.05s',b'-46d36m27.22s',0.0356,0.0385,-0.0106,10.979,0.019,58.2,29.260,10.119,0.018,59.3,3.270,1,0,b'0000',b'AA',10,57571.01947490,1832047001351039998,10.924,0.023,10.104,0.020,6.799,0.015,4.137,0.024,1201945159,13.918,0.0810,13.086,0.0804,12.331,0.0581,0.213365,36.240777
182.5168844,-46.6075630,b'12h10m04.05s',b'-46d36m27.23s',0.0312,0.0324,-0.0119,10.802,0.017,62.2,35.730,10.085,0.016,68.2,12.460,1,0,b'0000',b'AA',10,58295.43827350,1832047001351039998,10.924,0.023,10.104,0.020,6.799,0.015,4.137,0.024,1201945159,13.918,0.0810,13.086,0.0804,12.331,0.0581,0.21618,38.490192
182.5168269,-46.6075491,b'12h10m04.04s',b'-46d36m27.18s',0.0339,0.0356,-0.0052,10.871,0.018,60.1,29.180,10.073,0.018,59.5,8.777,1,0,b'0000',b'AA',10,58294.58753338,1832047001351039998,10.924,0.023,10.104,0.020,6.799,0.015,4.137,0.024,1201945159,13.918,0.0810,13.086,0.0804,12.331,0.0581,0.219369,357.997181
182.5168445,-46.6075490,b'12h10m04.04s',b'-46d36m27.18s',0.0339,0.0333,-0.0082,10.943,0.020,55.4,31.580,10.192,0.018,59.0,4.676,1,0,b'0000',b'AA',10,56853.33026311,1832047001351039998,10.924,0.023,10.104,0.020,6.799,0.015,4.137,0.024,1201945159,13.918,0.0810,13.086,0.0804,12.331,0.0581,0.222511,9.274612
182.5168742,-46.6075544,b'12h10m04.05s',b'-46d36m27.20s',0.0318,0.0345,-0.0008,10.930,0.018,59.2,32.830,10.100,0.019,57.4,7.524,1,0,b'0000',b'AA',10,57570.69196205,1832047001351039998,10.924,0.023,10.104,0.020,6.799,0.015,4.137,0.024,1201945159,13.918,0.0810,13.086,0.0804,12.331,0.0581,0.228067,28.640445
182.5168964,-46.6075627,b'12h10m04.06s',b'-46d36m27.23s',0.0346,0.0349,-0.0130,10.971,0.017,63.9,28.110,10.158,0.018,60.5,6.014,1,0,b'0000',b'AA',10,56853.79071595,1832047001351039998,10.924,0.023,10.104,0.020,6.799,0.015,4.137,0.024,1201945159,13.918,0.0810,13.086,0.0804,12.331,0.0581,0.236566,43.961855
182.5167884,-46.6075502,b'12h10m04.03s',b'-46d36m27.18s',0.0364,0.0406,-0.0140,10.822,0.021,52.0,17.870,9.941,0.023,48.1,4.588,1,0,b'0000',b'AA',5,58658.96227047,1832047001351039998,10.924,0.023,10.104,0.020,6.799,0.015,4.137,0.024,1201945159,13.918,0.0810,13.086,0.0804,12.331,0.0581,0.238594,334.456521
182.5168572,-46.6075456,b'12h10m04.05s',b'-46d36m27.16s',0.0312,0.0345,-0.0069,10.817,0.019,57.0,29.600,10.060,0.017,63.8,13.130,1,0,b'0000',b'AA',5,57931.30701877,1832047001351039998,10.924,0.023,10.104,0.020,6.799,0.015,4.137,0.024,1201945159,13.918,0.0810,13.086,0.0804,12.331,0.0581,0.241409,16.180512
182.5168386,-46.6075410,b'12h10m04.04s',b'-46d36m27.15s',0.0353,0.0396,-0.0138,10.934,0.022,49.3,25.040,10.157,0.019,57.6,7.270,1,0,b'0000',b'AA',10,56852.80397676,1832047001351039998,10.924,0.023,10.104,0.020,6.799,0.015,4.137,0.024,1201945159,13.918,0.0810,13.086,0.0804,12.331,0.0581,0.249302,4.894018
182.5168425,-46.6075408,b'12h10m04.04s',b'-46d36m27.15s',0.0334,0.0364,-0.0114,11.017,0.017,63.0,105.000,10.280,0.020,53.8,44.270,1,0,b'0000',b'AA',0,57570.56093156,1832047001351039998,10.924,0.023,10.104,0.020,6.799,0.015,4.137,0.024,1201945159,13.918,0.0810,13.086,0.0804,12.331,0.0581,0.251039,7.073976
182.5168359,-46.6075402,b'12h10m04.04s',b'-46d36m27.14s',0.0307,0.0354,-0.0075,10.918,0.018,59.9,31.010,10.115,0.017,65.4,10.840,1,0,b'0000',b'AA',10,58294.65298499,1832047001351039998,10.924,0.023,10.104,0.020,6.799,0.015,4.137,0.024,1201945159,13.918,0.0810,13.086,0.0804,12.331,0.0581,0.251696,3.323406
182.5168662,-46.6075432,b'12h10m04.05s',b'-46d36m27.16s',0.0320,0.0330,0.0057,10.808,0.018,59.2,31.840,10.050,0.016,67.0,9.121,1,0,b'0000',b'AA',10,57931.76518022,1832047001351039998,10.924,0.023,10.104,0.020,6.799,0.015,4.137,0.024,1201945159,13.918,0.0810,13.086,0.0804,12.331,0.0581,0.256603,20.419897
182.5168573,-46.6075409,b'12h10m04.05s',b'-46d36m27.15s',0.0314,0.0369,0.0051,10.834,0.019,58.3,37.660,10.096,0.017,62.5,9.123,1,0,b'0000',b'AA',10,57212.78905465,1832047001351039998,10.924,0.023,10.104,0.020,6.799,0.015,4.137,0.024,1201945159,13.918,0.0810,13.086,0.0804,12.331,0.0581,0.25776,15.185192
182.5168553,-46.6075395,b'12h10m04.05s',b'-46d36m27.14s',0.0354,0.0369,0.0103,10.934,0.019,56.5,24.110,10.131,0.020,53.9,6.992,1,0,b'0000',b'AA',10,57570.42990095,1832047001351039998,10.924,0.023,10.104,0.020,6.799,0.015,4.137,0.024,1201945159,13.918,0.0810,13.086,0.0804,12.331,0.0581,0.261399,13.849377
182.5168071,-46.6075391,b'12h10m04.03s',b'-46d36m27.14s',0.0301,0.0351,-0.0072,10.908,0.018,59.6,23.620,10.112,0.018,61.4,8.834,1,0,b'0000',b'AA',5,58294.78388830,1832047001351039998,10.924,0.023,10.104,0.020,6.799,0.015,4.137,0.024,1201945159,13.918,0.0810,13.086,0.0804,12.331,0.0581,0.261454,347.489245
182.5168674,-46.6075414,b'12h10m04.05s',b'-46d36m27.15s',0.0347,0.0399,-0.0113,10.823,0.020,53.2,31.510,10.039,0.019,57.8,11.900,1,0,b'0000',b'AA',10,57931.24143978,1832047001351039998,10.924,0.023,10.104,0.020,6.799,0.015,4.137,0.024,1201945159,13.918,0.0810,13.086,0.0804,12.331,0.0581,0.26372,20.532975
182.5168627,-46.6075396,b'12h10m04.05s',b'-46d36m27.14s',0.0337,0.0338,-0.0102,10.901,0.017,64.5,21.880,10.135,0.017,62.6,6.579,2,0,b'0000',b'AA',10,58295.30737035,1832047001351039998,10.924,0.023,10.104,0.020,6.799,0.015,4.137,0.024,1201945159,13.918,0.0810,13.086,0.0804,12.331,0.0581,0.266038,17.69788
182.5168568,-46.6075383,b'12h10m04.05s',b'-46d36m27.14s',0.0413,0.0363,0.0122,10.826,0.024,45.7,24.400,10.045,0.018,59.4,4.259,1,0,b'0000',b'AA',10,57772.95760656,1832047001351039998,10.924,0.023,10.104,0.020,6.799,0.015,4.137,0.024,1201945159,13.918,0.0810,13.086,0.0804,12.331,0.0581,0.2665,14.401464
182.5168362,-46.6075348,b'12h10m04.04s',b'-46d36m27.13s',0.0297,0.0301,-0.0099,10.836,0.016,67.6,37.500,10.103,0.015,71.0,14.560,1,0,b'0000',b'AA',10,57212.33000580,1832047001351039998,10.924,0.023,10.104,0.020,6.799,0.015,4.137,0.024,1201945159,13.918,0.0810,13.086,0.0804,12.331,0.0581,0.271156,3.241786
182.5168661,-46.6075381,b'12h10m04.05s',b'-46d36m27.14s',0.0319,0.0328,-0.0091,10.853,0.017,62.9,26.040,10.061,0.018,60.8,9.725,1,0,b'0000',b'AA',10,57212.06756284,1832047001351039998,10.924,0.023,10.104,0.020,6.799,0.015,4.137,0.024,1201945159,13.918,0.0810,13.086,0.0804,12.331,0.0581,0.273808,19.03081
182.5167996,-46.6075368,b'12h10m04.03s',b'-46d36m27.13s',0.0336,0.0349,-0.0062,10.908,0.018,61.2,19.190,10.073,0.017,62.4,4.305,1,0,b'0000',b'AA',10,58294.98011595,1832047001351039998,10.924,0.023,10.104,0.020,6.799,0.015,4.137,0.024,1201945159,13.918,0.0810,13.086,0.0804,12.331,0.0581,0.274032,344.076121
182.5168852,-46.6075421,b'12h10m04.05s',b'-46d36m27.15s',0.0320,0.0352,-0.0133,10.850,0.017,62.2,40.850,10.068,0.017,65.1,9.068,1,0,b'0000',b'AA',10,58659.74768943,1832047001351039998,10.924,0.023,10.104,0.020,6.799,0.015,4.137,0.024,1201945159,13.918,0.0810,13.086,0.0804,12.331,0.0581,0.279983,29.183235
182.5168545,-46.6075334,b'12h10m04.05s',b'-46d36m27.12s',0.0317,0.0338,-0.0121,10.838,0.016,68.1,56.170,10.095,0.018,61.1,12.470,1,0,b'0000',b'AA',10,58659.61678627,1832047001351039998,10.924,0.023,10.104,0.020,6.799,0.015,4.137,0.024,1201945159,13.918,0.0810,13.086,0.0804,12.331,0.0581,0.282335,12.392652
182.5168530,-46.6075328,b'12h10m04.04s',b'-46d36m27.12s',0.0332,0.0325,-0.0094,10.912,0.016,67.0,21.080,10.105,0.019,58.3,6.983,1,0,b'0000',b'AA',10,57040.24673205,1832047001351039998,10.924,0.023,10.104,0.020,6.799,0.015,4.137,0.024,1201945159,13.918,0.0810,13.086,0.0804,12.331,0.0581,0.283687,11.567188
182.5168304,-46.6075312,b'12h10m04.04s',b'-46d36m27.11s',0.0333,0.0377,-0.0111,10.751,0.020,53.7,25.410,10.064,0.021,52.1,10.950,1,0,b'0000',b'AA',10,57212.00198389,1832047001351039998,10.924,0.023,10.104,0.020,6.799,0.015,4.137,0.024,1201945159,13.918,0.0810,13.086,0.0804,12.331,0.0581,0.283687,0.199805
182.5168808,-46.6075387,b'12h10m04.05s',b'-46d36m27.14s',0.0322,0.0340,-0.0078,10.877,0.018,61.5,24.320,10.063,0.018,60.0,8.377,1,0,b'0000',b'AA',5,58659.35472528,1832047001351039998,10.924,0.023,10.104,0.020,6.799,0.015,4.137,0.024,1201945159,13.918,0.0810,13.086,0.0804,12.331,0.0581,0.285777,26.080351
182.5168874,-46.6075404,b'12h10m04.05s',b'-46d36m27.15s',0.0335,0.0345,-0.0110,10.890,0.018,61.4,27.480,10.132,0.019,57.6,4.561,1,0,b'0000',b'AA',10,58294.84933995,1832047001351039998,10.924,0.023,10.104,0.020,6.799,0.015,4.137,0.024,1201945159,13.918,0.0810,13.086,0.0804,12.331,0.0581,0.287984,29.534634
182.5167870,-46.6075356,b'12h10m04.03s',b'-46d36m27.13s',0.0335,0.0360,0.0087,10.979,0.019,56.4,25.270,10.184,0.019,55.8,8.094,1,0,b'0000',b'AA',5,59023.02069058,1832047001351039998,10.924,0.023,10.104,0.020,6.799,0.015,4.137,0.024,1201945159,13.918,0.0810,13.086,0.0804,12.331,0.0581,0.28818,338.344357
182.5168296,-46.6075290,b'12h10m04.04s',b'-46d36m27.10s',0.0325,0.0339,-0.0081,10.938,0.018,61.8,32.750,10.132,0.020,55.1,7.347,1,0,b'0000',b'AA',10,57570.82299267,1832047001351039998,10.924,0.023,10.104,0.020,6.799,0.015,4.137,0.024,1201945159,13.918,0.0810,13.086,0.0804,12.331,0.0581,0.291602,359.805622
182.5168628,-46.6075309,b'12h10m04.05s',b'-46d36m27.11s',0.0325,0.0353,-0.0087,10.845,0.017,63.5,29.270,10.029,0.018,59.3,4.040,1,0,b'0000',b'AA',10,58498.07604627,1832047001351039998,10.924,0.023,10.104,0.020,6.799,0.015,4.137,0.024,1201945159,13.918,0.0810,13.086,0.0804,12.331,0.0581,0.296087,15.900745
182.5168678,-46.6075309,b'12h10m04.05s',b'-46d36m27.11s',0.0307,0.0335,-0.0077,10.963,0.016,67.2,33.240,10.194,0.016,66.9,7.234,1,0,b'0000',b'AA',5,59023.93612166,1832047001351039998,10.924,0.023,10.104,0.020,6.799,0.015,4.137,0.024,1201945159,13.918,0.0810,13.086,0.0804,12.331,0.0581,0.299718,18.174858
182.5168572,-46.6075284,b'12h10m04.05s',b'-46d36m27.10s',0.0345,0.0385,-0.0110,10.912,0.018,59.0,16.450,10.178,0.020,53.5,2.688,1,0,b'0000',b'AA',10,57040.50955811,1832047001351039998,10.924,0.023,10.104,0.020,6.799,0.015,4.137,0.024,1201945159,13.918,0.0810,13.086,0.0804,12.331,0.0581,0.301368,12.898192
182.5168586,-46.6075286,b'12h10m04.05s',b'-46d36m27.10s',0.0321,0.0385,0.0110,10.878,0.017,65.5,29.380,10.037,0.025,42.7,4.523,1,0,b'0000',b'AA',5,58658.83136727,1832047001351039998,10.924,0.023,10.104,0.020,6.799,0.015,4.137,0.024,1201945159,13.918,0.0810,13.086,0.0804,12.331,0.0581,0.301462,13.570233
182.5168736,-46.6075315,b'12h10m04.05s',b'-46d36m27.11s',0.0322,0.0371,-0.0096,10.758,0.020,54.4,33.410,10.107,0.017,64.0,8.004,1,0,b'0000',b'AA',10,57211.67383396,1832047001351039998,10.924,0.023,10.104,0.020,6.799,0.015,4.137,0.024,1201945159,13.918,0.0810,13.086,0.0804,12.331,0.0581,0.302479,20.885105
182.5168836,-46.6075344,b'12h10m04.05s',b'-46d36m27.12s',0.0322,0.0330,-0.0069,10.840,0.017,65.4,19.170,10.043,0.017,62.2,4.849,1,0,b'0000',b'AA',10,58498.20644052,1832047001351039998,10.924,0.023,10.104,0.020,6.799,0.015,4.137,0.024,1201945159,13.918,0.0810,13.086,0.0804,12.331,0.0581,0.302729,25.969497
182.5168149,-46.6075262,b'12h10m04.04s',b'-46d36m27.09s',0.0338,0.0337,-0.0117,10.862,0.018,61.8,19.090,10.077,0.020,54.8,7.508,1,0,b'0000',b'AA',5,57931.04508493,1832047001351039998,10.924,0.023,10.104,0.020,6.799,0.015,4.137,0.024,1201945159,13.918,0.0810,13.086,0.0804,12.331,0.0581,0.30399,352.94327
182.5168742,-46.6075312,b'12h10m04.05s',b'-46d36m27.11s',0.0326,0.0329,-0.0067,10.848,0.018,60.1,17.560,10.025,0.018,60.1,4.588,1,0,b'0000',b'AA',10,57767.39061310,1832047001351039998,10.924,0.023,10.104,0.020,6.799,0.015,4.137,0.024,1201945159,13.918,0.0810,13.086,0.0804,12.331,0.0581,0.304005,21.073833
182.5168550,-46.6075260,b'12h10m04.05s',b'-46d36m27.09s',0.0303,0.0345,-0.0122,10.842,0.016,68.1,24.940,10.056,0.016,65.9,6.664,1,0,b'0000',b'AA',10,57212.92033980,1832047001351039998,10.924,0.023,10.104,0.020,6.799,0.015,4.137,0.024,1201945159,13.918,0.0810,13.086,0.0804,12.331,0.0581,0.308662,11.555537
182.5168674,-46.6075281,b'12h10m04.05s',b'-46d36m27.10s',0.0305,0.0347,-0.0121,10.831,0.016,67.6,25.900,10.055,0.017,65.4,6.997,1,0,b'0000',b'AA',5,57936.74090257,1832047001351039998,10.924,0.023,10.104,0.020,6.799,0.015,4.137,0.024,1201945159,13.918,0.0810,13.086,0.0804,12.331,0.0581,0.309014,17.41758
182.5168663,-46.6075275,b'12h10m04.05s',b'-46d36m27.10s',0.0314,0.0353,-0.0080,10.855,0.016,69.9,22.640,10.091,0.018,59.2,5.172,1,0,b'0000',b'AA',10,57212.19872066,1832047001351039998,10.924,0.023,10.104,0.020,6.799,0.015,4.137,0.024,1201945159,13.918,0.0810,13.086,0.0804,12.331,0.0581,0.310265,16.818834
182.5168728,-46.6075274,b'12h10m04.05s',b'-46d36m27.10s',0.0357,0.0373,-0.0087,10.988,0.018,60.6,33.780,10.230,0.020,53.9,6.766,1,0,b'0000',b'AA',10,59023.08601488,1832047001351039998,10.924,0.023,10.104,0.020,6.799,0.015,4.137,0.024,1201945159,13.918,0.0810,13.086,0.0804,12.331,0.0581,0.315638,19.59429
182.5169060,-46.6075395,b'12h10m04.06s',b'-46d36m27.14s',0.0344,0.0348,0.0039,10.819,0.018,61.1,25.110,10.067,0.021,50.8,2.003,1,0,b'0000',b'AA',10,57766.80116323,1832047001351039998,10.924,0.023,10.104,0.020,6.799,0.015,4.137,0.024,1201945159,13.918,0.0810,13.086,0.0804,12.331,0.0581,0.315817,36.523177
182.5168727,-46.6075271,b'12h10m04.05s',b'-46d36m27.10s',0.0306,0.0323,-0.0088,10.839,0.017,63.6,26.680,10.081,0.017,64.9,6.744,1,0,b'0000',b'AA',10,57212.52673907,1832047001351039998,10.924,0.023,10.104,0.020,6.799,0.015,4.137,0.024,1201945159,13.918,0.0810,13.086,0.0804,12.331,0.0581,0.316579,19.48657
182.5168922,-46.6075328,b'12h10m04.05s',b'-46d36m27.12s',0.0367,0.0382,-0.0134,10.979,0.018,60.3,51.970,10.254,0.020,54.4,6.062,1,0,b'0000',b'AA',5,59023.41301813,1832047001351039998,10.924,0.023,10.104,0.020,6.799,0.015,4.137,0.024,1201945159,13.918,0.0810,13.086,0.0804,12.331,0.0581,0.317652,28.964932
182.5169045,-46.6075369,b'12h10m04.06s',b'-46d36m27.13s',0.0321,0.0368,-0.0042,10.825,0.018,60.7,25.610,10.102,0.021,52.7,6.769,1,0,b'0000',b'AA',10,58134.23072014,1832047001351039998,10.924,0.023,10.104,0.020,6.799,0.015,4.137,0.024,1201945159,13.918,0.0810,13.086,0.0804,12.331,0.0581,0.321245,34.997762
182.5168985,-46.6075339,b'12h10m04.06s',b'-46d36m27.12s',0.0328,0.0344,0.0033,11.000,0.018,60.1,41.790,10.174,0.019,56.7,7.061,1,0,b'0000',b'AA',10,56853.65917615,1832047001351039998,10.924,0.023,10.104,0.020,6.799,0.015,4.137,0.024,1201945159,13.918,0.0810,13.086,0.0804,12.331,0.0581,0.322111,31.731951
182.5169021,-46.6075353,b'12h10m04.06s',b'-46d36m27.13s',0.0336,0.0370,-0.0113,10.758,0.021,51.2,23.910,9.971,0.020,54.3,6.175,1,0,b'0000',b'AA',10,57403.36603633,1832047001351039998,10.924,0.023,10.104,0.020,6.799,0.015,4.137,0.024,1201945159,13.918,0.0810,13.086,0.0804,12.331,0.0581,0.322668,33.547593
182.5168713,-46.6075247,b'12h10m04.05s',b'-46d36m27.09s',0.0358,0.0357,-0.0169,10.846,0.017,65.7,24.950,10.048,0.018,60.0,4.877,1,0,b'0000',b'AA',10,57931.56882531,1832047001351039998,10.924,0.023,10.104,0.020,6.799,0.015,4.137,0.024,1201945159,13.918,0.0810,13.086,0.0804,12.331,0.0581,0.323618,18.398332
182.5168920,-46.6075308,b'12h10m04.05s',b'-46d36m27.11s',0.0324,0.0333,-0.0107,10.889,0.017,64.6,30.890,10.049,0.017,63.9,5.815,1,0,b'0000',b'AA',10,58134.29617189,1832047001351039998,10.924,0.023,10.104,0.020,6.799,0.015,4.137,0.024,1201945159,13.918,0.0810,13.086,0.0804,12.331,0.0581,0.323735,28.271225
182.5169366,-46.6075575,b'12h10m04.06s',b'-46d36m27.21s',0.0362,0.0394,-0.0145,10.917,0.019,57.7,29.040,10.087,0.022,50.2,8.695,1,0,b'0000',b'AA',10,58294.45663007,1832047001351039998,10.924,0.023,10.104,0.020,6.799,0.015,4.137,0.024,1201945159,13.918,0.0810,13.086,0.0804,12.331,0.0581,0.324391,54.363783
182.5168737,-46.6075249,b'12h10m04.05s',b'-46d36m27.09s',0.0305,0.0293,-0.0101,10.732,0.018,60.4,28.980,9.972,0.015,70.2,7.121,1,0,b'0000',b'AA',10,57402.84152925,1832047001351039998,10.924,0.023,10.104,0.020,6.799,0.015,4.137,0.024,1201945159,13.918,0.0810,13.086,0.0804,12.331,0.0581,0.324871,19.43181
182.5168170,-46.6075199,b'12h10m04.04s',b'-46d36m27.07s',0.0345,0.0387,0.0030,11.056,0.020,53.5,31.530,10.225,0.018,59.7,7.394,1,0,b'0000',b'AA',5,59022.69368725,1832047001351039998,10.924,0.023,10.104,0.020,6.799,0.015,4.137,0.024,1201945159,13.918,0.0810,13.086,0.0804,12.331,0.0581,0.325945,354.339215
182.5168566,-46.6075212,b'12h10m04.05s',b'-46d36m27.08s',0.0344,0.0371,0.0067,10.833,0.018,60.2,18.060,10.055,0.019,57.2,3.705,1,0,b'0000',b'AA',10,57767.12855057,1832047001351039998,10.924,0.023,10.104,0.020,6.799,0.015,4.137,0.024,1201945159,13.918,0.0810,13.086,0.0804,12.331,0.0581,0.326379,11.628458
182.5169113,-46.6075383,b'12h10m04.06s',b'-46d36m27.14s',0.0346,0.0368,0.0066,10.797,0.020,54.7,38.580,10.082,0.018,60.7,8.278,1,0,b'0000',b'AA',10,57212.26429959,1832047001351039998,10.924,0.023,10.104,0.020,6.799,0.015,4.137,0.024,1201945159,13.918,0.0810,13.086,0.0804,12.331,0.0581,0.327189,37.917678
182.5168451,-46.6075196,b'12h10m04.04s',b'-46d36m27.07s',0.0337,0.0325,-0.0120,10.775,0.016,67.3,18.880,9.979,0.017,63.5,6.373,1,0,b'0000',b'AA',10,57403.10371918,1832047001351039998,10.924,0.023,10.104,0.020,6.799,0.015,4.137,0.024,1201945159,13.918,0.0810,13.086,0.0804,12.331,0.0581,0.327578,6.546173
182.5168835,-46.6075264,b'12h10m04.05s',b'-46d36m27.10s',0.0316,0.0329,-0.0126,10.827,0.017,64.4,23.680,10.043,0.016,66.3,3.901,1,0,b'0000',b'AA',10,58498.27240163,1832047001351039998,10.924,0.023,10.104,0.020,6.799,0.015,4.137,0.024,1201945159,13.918,0.0810,13.086,0.0804,12.331,0.0581,0.328759,23.732313
182.5168622,-46.6075213,b'12h10m04.05s',b'-46d36m27.08s',0.0351,0.0327,-0.0081,10.877,0.017,62.2,38.640,10.085,0.019,58.0,5.726,1,0,b'0000',b'AA',5,58658.89681888,1832047001351039998,10.924,0.023,10.104,0.020,6.799,0.015,4.137,0.024,1201945159,13.918,0.0810,13.086,0.0804,12.331,0.0581,0.329103,14.003499
182.5168577,-46.6075205,b'12h10m04.05s',b'-46d36m27.07s',0.0300,0.0329,-0.0108,10.905,0.015,70.6,34.830,10.091,0.016,68.4,5.835,2,0,b'0000',b'AA',10,57039.98390608,1832047001351039998,10.924,0.023,10.104,0.020,6.799,0.015,4.137,0.024,1201945159,13.918,0.0810,13.086,0.0804,12.331,0.0581,0.329405,12.003596
182.5168754,-46.6075233,b'12h10m04.05s',b'-46d36m27.08s',0.0327,0.0345,-0.0054,10.779,0.017,62.9,17.800,10.017,0.017,63.0,3.163,1,0,b'0000',b'AA',10,56673.60051748,1832047001351039998,10.924,0.023,10.104,0.020,6.799,0.015,4.137,0.024,1201945159,13.918,0.0810,13.086,0.0804,12.331,0.0581,0.331705,19.78568
182.5168968,-46.6075290,b'12h10m04.06s',b'-46d36m27.10s',0.0318,0.0374,-0.0074,10.834,0.018,61.4,31.700,10.038,0.017,62.2,4.474,1,0,b'0000',b'AA',10,58498.53357259,1832047001351039998,10.924,0.023,10.104,0.020,6.799,0.015,4.137,0.024,1201945159,13.918,0.0810,13.086,0.0804,12.331,0.0581,0.335148,29.534005
182.5168365,-46.6075169,b'12h10m04.04s',b'-46d36m27.06s',0.0356,0.0373,0.0069,10.947,0.020,54.5,23.110,10.098,0.017,62.2,9.150,1,0,b'0000',b'AA',5,58659.22382216,1832047001351039998,10.924,0.023,10.104,0.020,6.799,0.015,4.137,0.024,1201945159,13.918,0.0810,13.086,0.0804,12.331,0.0581,0.335542,2.746031
182.5168444,-46.6075171,b'12h10m04.04s',b'-46d36m27.06s',0.0325,0.0371,-0.0114,10.988,0.016,65.8,27.260,10.182,0.018,61.0,8.926,1,0,b'0000',b'AA',10,56853.59334258,1832047001351039998,10.924,0.023,10.104,0.020,6.799,0.015,4.137,0.024,1201945159,13.918,0.0810,13.086,0.0804,12.331,0.0581,0.336329,6.078377
182.5168431,-46.6075168,b'12h10m04.04s',b'-46d36m27.06s',0.0332,0.0361,-0.0122,10.845,0.017,64.1,44.850,10.078,0.017,64.0,8.936,1,0,b'0000',b'AA',10,58659.28927367,1832047001351039998,10.924,0.023,10.104,0.020,6.799,0.015,4.137,0.024,1201945159,13.918,0.0810,13.086,0.0804,12.331,0.0581,0.337087,5.515507
182.5168373,-46.6075163,b'12h10m04.04s',b'-46d36m27.06s',0.0312,0.0359,-0.0061,10.929,0.017,62.7,38.240,10.172,0.018,60.0,6.826,1,0,b'0000',b'AA',10,57570.88844433,1832047001351039998,10.924,0.023,10.104,0.020,6.799,0.015,4.137,0.024,1201945159,13.918,0.0810,13.086,0.0804,12.331,0.0581,0.337801,3.063681
182.5168868,-46.6075243,b'12h10m04.05s',b'-46d36m27.09s',0.0300,0.0357,-0.0076,10.853,0.017,64.6,50.760,10.110,0.017,63.9,5.900,1,0,b'0000',b'AA',10,58295.56904932,1832047001351039998,10.924,0.023,10.104,0.020,6.799,0.015,4.137,0.024,1201945159,13.918,0.0810,13.086,0.0804,12.331,0.0581,0.339001,24.480852
182.5168814,-46.6075223,b'12h10m04.05s',b'-46d36m27.08s',0.0337,0.0348,-0.0134,10.860,0.018,59.1,34.810,10.071,0.017,63.7,10.350,1,0,b'0000',b'AA',5,58133.83800941,1832047001351039998,10.924,0.023,10.104,0.020,6.799,0.015,4.137,0.024,1201945159,13.918,0.0810,13.086,0.0804,12.331,0.0581,0.34035,21.931616
182.5168888,-46.6075245,b'12h10m04.05s',b'-46d36m27.09s',0.0311,0.0359,-0.0117,10.961,0.019,58.5,35.520,10.169,0.016,68.9,7.622,1,0,b'0000',b'AA',10,56853.39596936,1832047001351039998,10.924,0.023,10.104,0.020,6.799,0.015,4.137,0.024,1201945159,13.918,0.0810,13.086,0.0804,12.331,0.0581,0.340419,25.288758
182.5168533,-46.6075165,b'12h10m04.04s',b'-46d36m27.06s',0.0341,0.0364,0.0073,10.852,0.020,55.2,44.630,10.084,0.019,55.9,8.690,1,0,b'0000',b'AA',10,58658.63513978,1832047001351039998,10.924,0.023,10.104,0.020,6.799,0.015,4.137,0.024,1201945159,13.918,0.0810,13.086,0.0804,12.331,0.0581,0.3415,9.714688
182.5168904,-46.6075246,b'12h10m04.05s',b'-46d36m27.09s',0.0381,0.0345,-0.0025,10.957,0.019,58.4,45.670,10.158,0.021,52.9,6.483,1,0,b'0000',b'AA',10,57570.95402325,1832047001351039998,10.924,0.023,10.104,0.020,6.799,0.015,4.137,0.024,1201945159,13.918,0.0810,13.086,0.0804,12.331,0.0581,0.341804,25.914286
182.5168445,-46.6075152,b'12h10m04.04s',b'-46d36m27.05s',0.0325,0.0348,-0.0052,10.733,0.020,55.3,20.400,10.026,0.016,68.3,5.415,1,0,b'0000',b'AA',5,56674.32519863,1832047001351039998,10.924,0.023,10.104,0.020,6.799,0.015,4.137,0.024,1201945159,13.918,0.0810,13.086,0.0804,12.331,0.0581,0.343156,5.998509
182.5168848,-46.6075221,b'12h10m04.05s',b'-46d36m27.08s',0.0369,0.0360,-0.0122,10.954,0.018,61.6,19.260,10.194,0.019,57.6,6.443,1,0,b'0000',b'AA',10,57571.41256648,1832047001351039998,10.924,0.023,10.104,0.020,6.799,0.015,4.137,0.024,1201945159,13.918,0.0810,13.086,0.0804,12.331,0.0581,0.344242,23.185232
182.5168708,-46.6075184,b'12h10m04.05s',b'-46d36m27.07s',0.0330,0.0314,-0.0094,10.913,0.016,66.5,35.810,10.165,0.017,63.1,5.186,1,0,b'0000',b'AA',10,58862.05533757,1832047001351039998,10.924,0.023,10.104,0.020,6.799,0.015,4.137,0.024,1201945159,13.918,0.0810,13.086,0.0804,12.331,0.0581,0.344858,17.013929
182.5168304,-46.6075141,b'12h10m04.04s',b'-46d36m27.05s',0.0353,0.0368,0.0041,10.813,0.022,49.7,28.240,10.028,0.017,64.0,15.890,1,0,b'0000',b'AA',5,57930.78315103,1832047001351039998,10.924,0.023,10.104,0.020,6.799,0.015,4.137,0.024,1201945159,13.918,0.0810,13.086,0.0804,12.331,0.0581,0.345242,0.164178
182.5167896,-46.6075181,b'12h10m04.03s',b'-46d36m27.07s',0.0324,0.0367,-0.0055,10.995,0.018,59.6,17.600,10.171,0.020,55.0,7.635,1,0,b'0000',b'AA',10,56853.26442964,1832047001351039998,10.924,0.023,10.104,0.020,6.799,0.015,4.137,0.024,1201945159,13.918,0.0810,13.086,0.0804,12.331,0.0581,0.345597,343.195292
182.5168740,-46.6075185,b'12h10m04.05s',b'-46d36m27.07s',0.0309,0.0361,-0.0080,10.825,0.017,64.5,24.570,10.038,0.018,60.4,6.204,1,0,b'0000',b'AA',10,57931.69972853,1832047001351039998,10.924,0.023,10.104,0.020,6.799,0.015,4.137,0.024,1201945159,13.918,0.0810,13.086,0.0804,12.331,0.0581,0.346907,18.28133
182.5167971,-46.6075163,b'12h10m04.03s',b'-46d36m27.06s',0.0334,0.0332,-0.0100,10.854,0.018,61.4,21.990,10.082,0.018,61.9,7.849,1,0,b'0000',b'AA',10,57212.39558478,1832047001351039998,10.924,0.023,10.104,0.020,6.799,0.015,4.137,0.024,1201945159,13.918,0.0810,13.086,0.0804,12.331,0.0581,0.346989,346.438347
182.5168533,-46.6075139,b'12h10m04.04s',b'-46d36m27.05s',0.0345,0.0367,-0.0140,10.950,0.016,66.1,38.160,10.225,0.019,58.0,4.279,1,0,b'0000',b'AA',5,59023.80534578,1832047001351039998,10.924,0.023,10.104,0.020,6.799,0.015,4.137,0.024,1201945159,13.918,0.0810,13.086,0.0804,12.331,0.0581,0.350726,9.456668
182.5168545,-46.6075139,b'12h10m04.05s',b'-46d36m27.05s',0.0300,0.0321,-0.0076,10.758,0.017,64.5,25.320,9.974,0.015,71.3,6.356,1,0,b'0000',b'AA',10,57402.51363273,1832047001351039998,10.924,0.023,10.104,0.020,6.799,0.015,4.137,0.024,1201945159,13.918,0.0810,13.086,0.0804,12.331,0.0581,0.351224,9.934234
182.5168525,-46.6075136,b'12h10m04.04s',b'-46d36m27.05s',0.0314,0.0326,-0.0055,10.805,0.017,63.7,30.330,10.001,0.018,61.0,6.587,1,0,b'0000',b'AA',5,56674.06173606,1832047001351039998,10.924,0.023,10.104,0.020,6.799,0.015,4.137,0.024,1201945159,13.918,0.0810,13.086,0.0804,12.331,0.0581,0.351479,9.109589
182.5168676,-46.6075152,b'12h10m04.05s',b'-46d36m27.05s',0.0311,0.0330,-0.0123,10.829,0.016,66.9,24.950,10.070,0.016,66.5,4.501,1,0,b'0000',b'AA',5,57932.02711473,1832047001351039998,10.924,0.023,10.104,0.020,6.799,0.015,4.137,0.024,1201945159,13.918,0.0810,13.086,0.0804,12.331,0.0581,0.353716,15.241821
182.5168596,-46.6075132,b'12h10m04.05s',b'-46d36m27.05s',0.0299,0.0348,-0.0113,10.789,0.016,69.8,22.570,10.031,0.016,66.4,3.792,1,0,b'0000',b'AA',10,56673.92994116,1832047001351039998,10.924,0.023,10.104,0.020,6.799,0.015,4.137,0.024,1201945159,13.918,0.0810,13.086,0.0804,12.331,0.0581,0.356085,11.863731
182.5168447,-46.6075116,b'12h10m04.04s',b'-46d36m27.04s',0.0333,0.0341,-0.0120,10.921,0.018,61.3,30.450,10.178,0.018,58.8,7.066,1,0,b'0000',b'AA',10,57571.08505387,1832047001351039998,10.924,0.023,10.104,0.020,6.799,0.015,4.137,0.024,1201945159,13.918,0.0810,13.086,0.0804,12.331,0.0581,0.356098,5.859747
182.5168310,-46.6075109,b'12h10m04.04s',b'-46d36m27.04s',0.0336,0.0347,-0.0093,10.839,0.021,52.8,22.980,10.065,0.018,60.2,5.544,1,0,b'0000',b'AA',5,57930.91418167,1832047001351039998,10.924,0.023,10.104,0.020,6.799,0.015,4.137,0.024,1201945159,13.918,0.0810,13.086,0.0804,12.331,0.0581,0.356774,0.397186
182.5168351,-46.6075107,b'12h10m04.04s',b'-46d36m27.04s',0.0370,0.0411,0.0039,10.981,0.019,57.2,25.750,10.239,0.021,51.4,5.173,1,0,b'0000',b'AA',5,59022.95523900,1832047001351039998,10.924,0.023,10.104,0.020,6.799,0.015,4.137,0.024,1201945159,13.918,0.0810,13.086,0.0804,12.331,0.0581,0.3577,2.020763
182.5168262,-46.6075105,b'12h10m04.04s',b'-46d36m27.04s',0.0333,0.0341,-0.0093,10.992,0.019,58.0,22.080,10.159,0.017,64.7,4.725,1,0,b'0000',b'AA',10,56853.06705633,1832047001351039998,10.924,0.023,10.104,0.020,6.799,0.015,4.137,0.024,1201945159,13.918,0.0810,13.086,0.0804,12.331,0.0581,0.35832,358.497082
182.5168767,-46.6075156,b'12h10m04.05s',b'-46d36m27.06s',0.0379,0.0368,0.0084,10.955,0.021,52.9,30.900,10.153,0.022,50.4,3.656,1,0,b'0000',b'AA',10,58863.03647709,1832047001351039998,10.924,0.023,10.104,0.020,6.799,0.015,4.137,0.024,1201945159,13.918,0.0810,13.086,0.0804,12.331,0.0581,0.358926,18.770709
182.5168935,-46.6075202,b'12h10m04.05s',b'-46d36m27.07s',0.0311,0.0339,-0.0055,10.823,0.018,60.5,29.810,10.054,0.016,66.9,5.122,1,0,b'0000',b'AA',10,57767.25958183,1832047001351039998,10.924,0.023,10.104,0.020,6.799,0.015,4.137,0.024,1201945159,13.918,0.0810,13.086,0.0804,12.331,0.0581,0.359412,25.910053
182.5168648,-46.6075129,b'12h10m04.05s',b'-46d36m27.05s',0.0321,0.0339,-0.0066,10.826,0.017,64.6,38.520,10.031,0.018,60.3,12.020,1,0,b'0000',b'AA',10,57931.63427690,1832047001351039998,10.924,0.023,10.104,0.020,6.799,0.015,4.137,0.024,1201945159,13.918,0.0810,13.086,0.0804,12.331,0.0581,0.360003,13.831874000000001
182.5168584,-46.6075118,b'12h10m04.05s',b'-46d36m27.04s',0.0368,0.0348,0.0035,10.729,0.021,51.3,18.660,9.966,0.018,62.0,2.011,1,0,b'0000',b'AA',10,57403.36590902,1832047001351039998,10.924,0.023,10.104,0.020,6.799,0.015,4.137,0.024,1201945159,13.918,0.0810,13.086,0.0804,12.331,0.0581,0.360436,11.237307
182.5168622,-46.6075123,b'12h10m04.05s',b'-46d36m27.04s',0.0320,0.0328,0.0038,10.811,0.018,60.5,19.980,10.011,0.017,65.2,5.362,1,0,b'0000',b'AA',10,58497.94514272,1832047001351039998,10.924,0.023,10.104,0.020,6.799,0.015,4.137,0.024,1201945159,13.918,0.0810,13.086,0.0804,12.331,0.0581,0.360619,12.757753
182.5168316,-46.6075093,b'12h10m04.04s',b'-46d36m27.03s',0.0299,0.0321,-0.0107,10.851,0.017,63.9,33.050,10.099,0.016,67.5,7.124,1,0,b'0000',b'AA',10,57211.80511915,1832047001351039998,10.924,0.023,10.104,0.020,6.799,0.015,4.137,0.024,1201945159,13.918,0.0810,13.086,0.0804,12.331,0.0581,0.36254,0.625385
182.5168870,-46.6075167,b'12h10m04.05s',b'-46d36m27.06s',0.0336,0.0374,-0.0100,10.830,0.017,62.3,50.380,10.097,0.020,55.4,5.014,1,0,b'0000',b'AA',5,58659.02759477,1832047001351039998,10.924,0.023,10.104,0.020,6.799,0.015,4.137,0.024,1201945159,13.918,0.0810,13.086,0.0804,12.331,0.0581,0.364268,22.76808
182.5168524,-46.6075093,b'12h10m04.04s',b'-46d36m27.03s',0.0348,0.0382,0.0133,10.832,0.023,47.6,22.410,10.027,0.017,62.1,5.668,1,0,b'0000',b'AA',10,58498.33785396,1832047001351039998,10.924,0.023,10.104,0.020,6.799,0.015,4.137,0.024,1201945159,13.918,0.0810,13.086,0.0804,12.331,0.0581,0.366724,8.688526
182.5168309,-46.6075081,b'12h10m04.04s',b'-46d36m27.03s',0.0353,0.0388,-0.0125,10.993,0.020,54.7,28.500,10.200,0.018,60.8,6.549,1,0,b'0000',b'AA',5,59023.47834243,1832047001351039998,10.924,0.023,10.104,0.020,6.799,0.015,4.137,0.024,1201945159,13.918,0.0810,13.086,0.0804,12.331,0.0581,0.366853,0.347646
182.5168910,-46.6075170,b'12h10m04.05s',b'-46d36m27.06s',0.0327,0.0389,-0.0115,10.969,0.018,61.7,34.640,10.205,0.020,54.5,6.974,1,0,b'0000',b'AA',5,59022.82446308,1832047001351039998,10.924,0.023,10.104,0.020,6.799,0.015,4.137,0.024,1201945159,13.918,0.0810,13.086,0.0804,12.331,0.0581,0.367226,24.256701
182.5168525,-46.6075087,b'12h10m04.04s',b'-46d36m27.03s',0.0306,0.0322,-0.0090,10.842,0.017,65.7,24.910,10.036,0.016,67.9,13.560,1,0,b'0000',b'AA',10,57931.89621137,1832047001351039998,10.924,0.023,10.104,0.020,6.799,0.015,4.137,0.024,1201945159,13.918,0.0810,13.086,0.0804,12.331,0.0581,0.368907,8.675819
182.5168556,-46.6075090,b'12h10m04.05s',b'-46d36m27.03s',0.0332,0.0346,0.0096,10.882,0.019,57.4,31.630,10.002,0.019,58.3,7.800,1,0,b'0000',b'AA',10,58134.49252731,1832047001351039998,10.924,0.023,10.104,0.020,6.799,0.015,4.137,0.024,1201945159,13.918,0.0810,13.086,0.0804,12.331,0.0581,0.369073,9.877802
182.5168422,-46.6075078,b'12h10m04.04s',b'-46d36m27.03s',0.0314,0.0343,0.0070,10.839,0.019,57.3,42.900,10.074,0.016,67.1,12.470,1,0,b'0000',b'AA',10,58658.76591567,1832047001351039998,10.924,0.023,10.104,0.020,6.799,0.015,4.137,0.024,1201945159,13.918,0.0810,13.086,0.0804,12.331,0.0581,0.36915,4.68827
182.5168258,-46.6075075,b'12h10m04.04s',b'-46d36m27.03s',0.0328,0.0341,0.0097,10.822,0.018,59.9,17.270,10.045,0.017,62.8,7.869,1,0,b'0000',b'AA',10,57931.30689141,1832047001351039998,10.924,0.023,10.104,0.020,6.799,0.015,4.137,0.024,1201945159,13.918,0.0810,13.086,0.0804,12.331,0.0581,0.36915,358.387554
182.5168990,-46.6075189,b'12h10m04.06s',b'-46d36m27.07s',0.0315,0.0320,-0.0039,10.856,0.017,62.4,36.300,10.069,0.017,64.3,6.122,1,0,b'0000',b'AA',10,58134.36162368,1832047001351039998,10.924,0.023,10.104,0.020,6.799,0.015,4.137,0.024,1201945159,13.918,0.0810,13.086,0.0804,12.331,0.0581,0.3697,27.489514
182.5168749,-46.6075120,b'12h10m04.05s',b'-46d36m27.04s',0.0316,0.0318,-0.0116,10.836,0.016,68.2,28.790,10.094,0.015,70.7,7.113,1,0,b'0000',b'AA',10,57212.65789682,1832047001351039998,10.924,0.023,10.104,0.020,6.799,0.015,4.137,0.024,1201945159,13.918,0.0810,13.086,0.0804,12.331,0.0581,0.369866,17.471637
182.5169158,-46.6075257,b'12h10m04.06s',b'-46d36m27.09s',0.0344,0.0315,0.0097,10.751,0.019,58.2,22.420,9.987,0.016,66.5,9.082,1,0,b'0000',b'AA',10,57402.90698122,1832047001351039998,10.924,0.023,10.104,0.020,6.799,0.015,4.137,0.024,1201945159,13.918,0.0810,13.086,0.0804,12.331,0.0581,0.370313,34.961877
182.5169340,-46.6075351,b'12h10m04.06s',b'-46d36m27.13s',0.0299,0.0304,-0.0079,10.938,0.017,63.6,37.450,10.166,0.015,72.0,4.240,1,0,b'0000',b'AA',10,57040.37814506,1832047001351039998,10.924,0.023,10.104,0.020,6.799,0.015,4.137,0.024,1201945159,13.918,0.0810,13.086,0.0804,12.331,0.0581,0.37264,43.648463
182.5168611,-46.6075084,b'12h10m04.05s',b'-46d36m27.03s',0.0320,0.0330,-0.0100,10.833,0.016,66.5,25.920,10.061,0.017,65.5,5.776,1,0,b'0000',b'AA',10,57766.86661521,1832047001351039998,10.924,0.023,10.104,0.020,6.799,0.015,4.137,0.024,1201945159,13.918,0.0810,13.086,0.0804,12.331,0.0581,0.373754,11.875691
182.5168695,-46.6075097,b'12h10m04.05s',b'-46d36m27.03s',0.0300,0.0328,-0.0095,10.972,0.016,69.5,28.960,10.146,0.016,65.8,10.990,1,0,b'0000',b'AA',10,56854.05379552,1832047001351039998,10.924,0.023,10.104,0.020,6.799,0.015,4.137,0.024,1201945159,13.918,0.0810,13.086,0.0804,12.331,0.0581,0.374057,15.138959
182.5168920,-46.6075152,b'12h10m04.05s',b'-46d36m27.05s',0.0336,0.0330,-0.0093,10.923,0.020,55.6,36.300,10.101,0.016,66.0,7.003,1,0,b'0000',b'AA',10,57211.93627707,1832047001351039998,10.924,0.023,10.104,0.020,6.799,0.015,4.137,0.024,1201945159,13.918,0.0810,13.086,0.0804,12.331,0.0581,0.374145,24.194325
182.5168572,-46.6075075,b'12h10m04.05s',b'-46d36m27.03s',0.0341,0.0330,-0.0109,10.819,0.016,66.4,49.130,10.026,0.020,55.0,7.468,1,0,b'0000',b'AA',5,57931.43792205,1832047001351039998,10.924,0.023,10.104,0.020,6.799,0.015,4.137,0.024,1201945159,13.918,0.0810,13.086,0.0804,12.331,0.0581,0.375078,10.331806
182.5168620,-46.6075072,b'12h10m04.05s',b'-46d36m27.03s',0.0339,0.0327,-0.0103,10.851,0.018,60.8,24.530,10.060,0.017,63.0,9.036,1,0,b'0000',b'AA',10,57766.40819656,1832047001351039998,10.924,0.023,10.104,0.020,6.799,0.015,4.137,0.024,1201945159,13.918,0.0810,13.086,0.0804,12.331,0.0581,0.378451,12.070873
182.5168738,-46.6075092,b'12h10m04.05s',b'-46d36m27.03s',0.0362,0.0311,0.0094,10.737,0.019,56.4,29.870,9.957,0.017,65.5,4.309,1,0,b'0000',b'AA',10,56674.19340369,1832047001351039998,10.924,0.023,10.104,0.020,6.799,0.015,4.137,0.024,1201945159,13.918,0.0810,13.086,0.0804,12.331,0.0581,0.3787,16.621129
182.5169390,-46.6075359,b'12h10m04.07s',b'-46d36m27.13s',0.0375,0.0359,-0.0058,10.834,0.019,57.5,40.250,10.173,0.018,59.8,13.350,1,0,b'0000',b'AA',5,57040.64084381,1832047001351039998,10.924,0.023,10.104,0.020,6.799,0.015,4.137,0.024,1201945159,13.918,0.0810,13.086,0.0804,12.331,0.0581,0.379249,45.300807
182.5168289,-46.6075044,b'12h10m04.04s',b'-46d36m27.02s',0.0327,0.0370,-0.0075,10.971,0.018,61.3,33.040,10.209,0.017,63.3,8.797,1,0,b'0000',b'AA',5,59023.34756655,1832047001351039998,10.924,0.023,10.104,0.020,6.799,0.015,4.137,0.024,1201945159,13.918,0.0810,13.086,0.0804,12.331,0.0581,0.380169,359.589989
182.5168658,-46.6075069,b'12h10m04.05s',b'-46d36m27.02s',0.0317,0.0324,-0.0101,10.778,0.015,71.9,23.600,9.988,0.018,58.9,4.779,1,0,b'0000',b'AA',10,56673.79814622,1832047001351039998,10.924,0.023,10.104,0.020,6.799,0.015,4.137,0.024,1201945159,13.918,0.0810,13.086,0.0804,12.331,0.0581,0.38157,13.417059
182.5168741,-46.6075083,b'12h10m04.05s',b'-46d36m27.03s',0.0364,0.0377,-0.0103,10.865,0.021,50.7,21.200,10.050,0.019,56.9,4.300,1,0,b'0000',b'AA',10,58497.94527008,1832047001351039998,10.924,0.023,10.104,0.020,6.799,0.015,4.137,0.024,1201945159,13.918,0.0810,13.086,0.0804,12.331,0.0581,0.382016,16.588759
182.5168481,-46.6075044,b'12h10m04.04s',b'-46d36m27.02s',0.0293,0.0324,0.0082,10.811,0.018,61.3,45.020,10.047,0.016,68.0,8.354,1,0,b'0000',b'AA',10,57936.67545095,1832047001351039998,10.924,0.023,10.104,0.020,6.799,0.015,4.137,0.024,1201945159,13.918,0.0810,13.086,0.0804,12.331,0.0581,0.382782,6.715741
182.5169083,-46.6075179,b'12h10m04.06s',b'-46d36m27.06s',0.0327,0.0334,-0.0085,10.795,0.018,61.2,36.870,10.059,0.017,65.7,4.608,1,0,b'0000',b'AA',10,57766.53910056,1832047001351039998,10.924,0.023,10.104,0.020,6.799,0.015,4.137,0.024,1201945159,13.918,0.0810,13.086,0.0804,12.331,0.0581,0.383964,30.287295
182.5168906,-46.6075112,b'12h10m04.05s',b'-46d36m27.04s',0.0329,0.0370,-0.0106,10.737,0.018,61.5,26.780,10.008,0.018,60.5,6.387,1,0,b'0000',b'AA',10,56673.99577500,1832047001351039998,10.924,0.023,10.104,0.020,6.799,0.015,4.137,0.024,1201945159,13.918,0.0810,13.086,0.0804,12.331,0.0581,0.385964,22.849286
182.5168671,-46.6075051,b'12h10m04.05s',b'-46d36m27.02s',0.0366,0.0414,-0.0047,10.971,0.022,49.5,29.920,10.145,0.019,56.9,6.787,1,0,b'0000',b'AA',10,58862.90557357,1832047001351039998,10.924,0.023,10.104,0.020,6.799,0.015,4.137,0.024,1201945159,13.918,0.0810,13.086,0.0804,12.331,0.0581,0.388623,13.656455
182.5168447,-46.6075023,b'12h10m04.04s',b'-46d36m27.01s',0.0310,0.0314,-0.0068,10.782,0.016,67.6,31.800,9.998,0.016,69.3,5.433,1,0,b'0000',b'AA',10,56673.46872876,1832047001351039998,10.924,0.023,10.104,0.020,6.799,0.015,4.137,0.024,1201945159,13.918,0.0810,13.086,0.0804,12.331,0.0581,0.389425,5.356834
182.5168457,-46.6075023,b'12h10m04.04s',b'-46d36m27.01s',0.0296,0.0332,-0.0114,10.811,0.016,69.8,44.200,10.112,0.016,69.1,10.990,1,0,b'0000',b'AA',5,57212.46116373,1832047001351039998,10.924,0.023,10.104,0.020,6.799,0.015,4.137,0.024,1201945159,13.918,0.0810,13.086,0.0804,12.331,0.0581,0.389655,5.718905
182.5168709,-46.6075052,b'12h10m04.05s',b'-46d36m27.02s',0.0330,0.0349,-0.0116,10.912,0.017,64.6,16.000,10.094,0.016,65.9,8.500,1,0,b'0000',b'AA',10,57571.54359711,1832047001351039998,10.924,0.023,10.104,0.020,6.799,0.015,4.137,0.024,1201945159,13.918,0.0810,13.086,0.0804,12.331,0.0581,0.390599,15.008627
182.5168607,-46.6075033,b'12h10m04.05s',b'-46d36m27.01s',0.0334,0.0362,-0.0099,10.952,0.018,60.4,32.220,10.208,0.020,53.5,7.909,1,0,b'0000',b'AA',5,58862.64402123,1832047001351039998,10.924,0.023,10.104,0.020,6.799,0.015,4.137,0.024,1201945159,13.918,0.0810,13.086,0.0804,12.331,0.0581,0.391554,11.181137
182.5168435,-46.6075002,b'12h10m04.04s',b'-46d36m27.00s',0.0341,0.0395,-0.0050,10.788,0.021,52.5,18.510,10.070,0.020,54.5,3.664,1,0,b'0000',b'AA',10,57767.52164441,1832047001351039998,10.924,0.023,10.104,0.020,6.799,0.015,4.137,0.024,1201945159,13.918,0.0810,13.086,0.0804,12.331,0.0581,0.396683,4.828101
182.5169217,-46.6075193,b'12h10m04.06s',b'-46d36m27.07s',0.0302,0.0321,-0.0092,10.911,0.016,69.3,32.080,10.129,0.017,65.6,4.173,1,0,b'0000',b'AA',10,57039.65537344,1832047001351039998,10.924,0.023,10.104,0.020,6.799,0.015,4.137,0.024,1201945159,13.918,0.0810,13.086,0.0804,12.331,0.0581,0.397551,34.782559
182.5168701,-46.6075029,b'12h10m04.05s',b'-46d36m27.01s',0.0324,0.0365,-0.0076,10.783,0.018,61.1,37.050,10.004,0.017,63.2,9.175,1,0,b'0000',b'AA',5,57403.03813986,1832047001351039998,10.924,0.023,10.104,0.020,6.799,0.015,4.137,0.024,1201945159,13.918,0.0810,13.086,0.0804,12.331,0.0581,0.398109,14.424986
182.5169056,-46.6075118,b'12h10m04.06s',b'-46d36m27.04s',0.0286,0.0320,-0.0088,10.730,0.016,66.2,38.260,10.010,0.018,59.5,6.857,1,0,b'0000',b'AA',10,57402.77594993,1832047001351039998,10.924,0.023,10.104,0.020,6.799,0.015,4.137,0.024,1201945159,13.918,0.0810,13.086,0.0804,12.331,0.0581,0.399921,27.873747
182.5168432,-46.6074992,b'12h10m04.04s',b'-46d36m27.00s',0.0314,0.0363,-0.0113,10.952,0.017,63.4,35.020,10.148,0.018,62.0,5.349,1,0,b'0000',b'AA',10,58861.92443409,1832047001351039998,10.924,0.023,10.104,0.020,6.799,0.015,4.137,0.024,1201945159,13.918,0.0810,13.086,0.0804,12.331,0.0581,0.400216,4.678879
182.5168839,-46.6075050,b'12h10m04.05s',b'-46d36m27.02s',0.0316,0.0337,0.0082,10.795,0.020,53.8,25.420,10.070,0.018,61.0,5.864,1,0,b'0000',b'AA',10,57772.95773388,1832047001351039998,10.924,0.023,10.104,0.020,6.799,0.015,4.137,0.024,1201945159,13.918,0.0810,13.086,0.0804,12.331,0.0581,0.400817,19.425509
182.5168628,-46.6075006,b'12h10m04.05s',b'-46d36m27.00s',0.0395,0.0358,-0.0104,11.029,0.021,52.3,27.400,10.227,0.018,61.7,6.306,1,0,b'0000',b'AA',5,59023.28224229,1832047001351039998,10.924,0.023,10.104,0.020,6.799,0.015,4.137,0.024,1201945159,13.918,0.0810,13.086,0.0804,12.331,0.0581,0.402111,11.638569
182.5169020,-46.6075097,b'12h10m04.06s',b'-46d36m27.03s',0.0312,0.0278,-0.0084,10.757,0.016,68.5,32.320,10.029,0.016,68.6,4.926,1,0,b'0000',b'AA',10,56673.33706108,1832047001351039998,10.924,0.023,10.104,0.020,6.799,0.015,4.137,0.024,1201945159,13.918,0.0810,13.086,0.0804,12.331,0.0581,0.402604,26.250445
182.5168848,-46.6075046,b'12h10m04.05s',b'-46d36m27.02s',0.0328,0.0355,-0.0100,10.997,0.017,65.7,27.620,10.208,0.018,60.9,6.967,1,0,b'0000',b'AA',5,59023.67456988,1832047001351039998,10.924,0.023,10.104,0.020,6.799,0.015,4.137,0.024,1201945159,13.918,0.0810,13.086,0.0804,12.331,0.0581,0.402921,19.65591
182.5168261,-46.6074966,b'12h10m04.04s',b'-46d36m26.99s',0.0334,0.0327,-0.0078,10.873,0.017,62.3,18.680,10.076,0.016,66.9,7.176,1,0,b'0000',b'AA',10,58134.42707547,1832047001351039998,10.924,0.023,10.104,0.020,6.799,0.015,4.137,0.024,1201945159,13.918,0.0810,13.086,0.0804,12.331,0.0581,0.408359,358.64654
182.5168663,-46.6074992,b'12h10m04.05s',b'-46d36m27.00s',0.0324,0.0358,-0.0109,10.810,0.016,67.2,29.240,10.049,0.019,57.4,3.264,1,0,b'0000',b'AA',10,57766.67013188,1832047001351039998,10.924,0.023,10.104,0.020,6.799,0.015,4.137,0.024,1201945159,13.918,0.0810,13.086,0.0804,12.331,0.0581,0.408856,12.684235
182.5169201,-46.6075146,b'12h10m04.06s',b'-46d36m27.05s',0.0315,0.0368,-0.0145,10.822,0.017,65.3,37.680,10.018,0.017,65.2,5.680,1,0,b'0000',b'AA',10,58497.81436648,1832047001351039998,10.924,0.023,10.104,0.020,6.799,0.015,4.137,0.024,1201945159,13.918,0.0810,13.086,0.0804,12.331,0.0581,0.409399,32.976564
182.5168344,-46.6074959,b'12h10m04.04s',b'-46d36m26.99s',0.0327,0.0324,-0.0071,10.949,0.015,70.4,20.730,10.218,0.017,62.3,5.343,1,0,b'0000',b'AA',10,57039.78678649,1832047001351039998,10.924,0.023,10.104,0.020,6.799,0.015,4.137,0.024,1201945159,13.918,0.0810,13.086,0.0804,12.331,0.0581,0.410907,1.5175400000000001
182.5169221,-46.6075149,b'12h10m04.06s',b'-46d36m27.05s',0.0326,0.0349,-0.0080,10.896,0.017,63.1,27.930,10.179,0.018,59.1,4.096,1,0,b'0000',b'AA',5,57040.04961256,1832047001351039998,10.924,0.023,10.104,0.020,6.799,0.015,4.137,0.024,1201945159,13.918,0.0810,13.086,0.0804,12.331,0.0581,0.411206,33.636648
182.5168963,-46.6075051,b'12h10m04.06s',b'-46d36m27.02s',0.0350,0.0367,-0.0105,10.979,0.017,62.8,29.660,10.142,0.019,56.0,4.298,1,0,b'0000',b'AA',5,58862.77479740,1832047001351039998,10.924,0.023,10.104,0.020,6.799,0.015,4.137,0.024,1201945159,13.918,0.0810,13.086,0.0804,12.331,0.0581,0.4117,23.470495
182.5169174,-46.6075118,b'12h10m04.06s',b'-46d36m27.04s',0.0295,0.0295,-0.0096,10.753,0.016,66.8,40.290,10.005,0.017,62.5,5.207,1,0,b'0000',b'AA',10,56673.73231242,1832047001351039998,10.924,0.023,10.104,0.020,6.799,0.015,4.137,0.024,1201945159,13.918,0.0810,13.086,0.0804,12.331,0.0581,0.414364,31.443171
182.5168993,-46.6075043,b'12h10m04.06s',b'-46d36m27.02s',0.0397,0.0372,-0.0043,10.787,0.021,50.5,13.610,10.039,0.018,59.9,9.775,1,0,b'0000',b'AA',5,57767.52151709,1832047001351039998,10.924,0.023,10.104,0.020,6.799,0.015,4.137,0.024,1201945159,13.918,0.0810,13.086,0.0804,12.331,0.0581,0.41734,24.247387
182.5168489,-46.6074947,b'12h10m04.04s',b'-46d36m26.98s',0.0320,0.0334,-0.0026,10.880,0.017,62.2,17.130,10.065,0.017,62.2,6.957,1,0,b'0000',b'AA',5,57767.06309854,1832047001351039998,10.924,0.023,10.104,0.020,6.799,0.015,4.137,0.024,1201945159,13.918,0.0810,13.086,0.0804,12.331,0.0581,0.417702,6.425121
182.5168905,-46.6075013,b'12h10m04.05s',b'-46d36m27.00s',0.0317,0.0323,0.0034,10.803,0.020,55.5,17.200,10.048,0.016,68.6,6.830,1,0,b'0000',b'AA',10,57766.93206719,1832047001351039998,10.924,0.023,10.104,0.020,6.799,0.015,4.137,0.024,1201945159,13.918,0.0810,13.086,0.0804,12.331,0.0581,0.418956,20.925091
182.5169308,-46.6075161,b'12h10m04.06s',b'-46d36m27.06s',0.0344,0.0388,-0.0045,10.959,0.021,51.4,28.450,10.169,0.018,58.8,6.890,1,0,b'0000',b'AA',10,58862.31688987,1832047001351039998,10.924,0.023,10.104,0.020,6.799,0.015,4.137,0.024,1201945159,13.918,0.0810,13.086,0.0804,12.331,0.0581,0.420025,36.407824
182.5168974,-46.6075027,b'12h10m04.06s',b'-46d36m27.01s',0.0375,0.0387,0.0064,10.969,0.020,53.9,17.260,10.163,0.018,59.4,3.671,1,0,b'0000',b'AA',10,56852.80384944,1832047001351039998,10.924,0.023,10.104,0.020,6.799,0.015,4.137,0.024,1201945159,13.918,0.0810,13.086,0.0804,12.331,0.0581,0.420711,23.341703
182.5169315,-46.6075157,b'12h10m04.06s',b'-46d36m27.06s',0.0328,0.0356,-0.0045,10.772,0.018,58.7,34.450,10.006,0.017,63.4,7.745,1,0,b'0000',b'AA',10,56673.66635126,1832047001351039998,10.924,0.023,10.104,0.020,6.799,0.015,4.137,0.024,1201945159,13.918,0.0810,13.086,0.0804,12.331,0.0581,0.422213,36.480919
182.5168147,-46.6074928,b'12h10m04.04s',b'-46d36m26.97s',0.0328,0.0401,-0.0102,10.788,0.021,52.8,24.570,10.061,0.019,56.2,9.597,1,0,b'0000',b'AA',5,58498.79588902,1832047001351039998,10.924,0.023,10.104,0.020,6.799,0.015,4.137,0.024,1201945159,13.918,0.0810,13.086,0.0804,12.331,0.0581,0.423609,354.875186
182.5168815,-46.6074973,b'12h10m04.05s',b'-46d36m26.99s',0.0297,0.0329,0.0013,10.830,0.018,59.3,28.040,10.082,0.016,67.3,4.755,1,0,b'0000',b'AA',10,58134.81978623,1832047001351039998,10.924,0.023,10.104,0.020,6.799,0.015,4.137,0.024,1201945159,13.918,0.0810,13.086,0.0804,12.331,0.0581,0.425245,17.428732
182.5168377,-46.6074913,b'12h10m04.04s',b'-46d36m26.97s',0.0328,0.0353,-0.0103,10.965,0.017,63.3,16.800,10.134,0.016,66.2,5.008,1,0,b'0000',b'AA',10,57571.67462764,1832047001351039998,10.924,0.023,10.104,0.020,6.799,0.015,4.137,0.024,1201945159,13.918,0.0810,13.086,0.0804,12.331,0.0581,0.427748,2.551687
182.5169287,-46.6075124,b'12h10m04.06s',b'-46d36m27.04s',0.0322,0.0301,-0.0073,10.856,0.017,64.7,33.950,10.040,0.017,64.4,5.447,1,0,b'0000',b'AA',10,58498.66498546,1832047001351039998,10.924,0.023,10.104,0.020,6.799,0.015,4.137,0.024,1201945159,13.918,0.0810,13.086,0.0804,12.331,0.0581,0.427836,34.789072
182.5168995,-46.6075010,b'12h10m04.06s',b'-46d36m27.00s',0.0373,0.0386,-0.0070,10.884,0.021,52.5,21.120,10.115,0.022,50.0,3.404,1,0,b'0000',b'AA',10,58294.32585412,1832047001351039998,10.924,0.023,10.104,0.020,6.799,0.015,4.137,0.024,1201945159,13.918,0.0810,13.086,0.0804,12.331,0.0581,0.428399,23.655174
182.5169198,-46.6075079,b'12h10m04.06s',b'-46d36m27.03s',0.0341,0.0408,-0.0064,10.956,0.018,61.2,37.990,10.136,0.021,52.7,5.932,1,0,b'0000',b'AA',10,58862.38234161,1832047001351039998,10.924,0.023,10.104,0.020,6.799,0.015,4.137,0.024,1201945159,13.918,0.0810,13.086,0.0804,12.331,0.0581,0.429445,31.14165
182.5168431,-46.6074908,b'12h10m04.04s',b'-46d36m26.97s',0.0309,0.0344,-0.0104,10.818,0.017,65.2,21.820,10.024,0.017,65.8,7.659,1,0,b'0000',b'AA',10,58498.14149808,1832047001351039998,10.924,0.023,10.104,0.020,6.799,0.015,4.137,0.024,1201945159,13.918,0.0810,13.086,0.0804,12.331,0.0581,0.430346,4.317641
182.5168751,-46.6074945,b'12h10m04.05s',b'-46d36m26.98s',0.0295,0.0295,-0.0105,10.752,0.016,67.4,38.820,10.007,0.014,77.4,6.781,1,0,b'0000',b'AA',10,57402.64479127,1832047001351039998,10.924,0.023,10.104,0.020,6.799,0.015,4.137,0.024,1201945159,13.918,0.0810,13.086,0.0804,12.331,0.0581,0.430499,15.016305
182.5168454,-46.6074908,b'12h10m04.04s',b'-46d36m26.97s',0.0357,0.0351,-0.0108,10.927,0.018,58.7,27.060,10.138,0.018,60.4,8.757,2,0,b'0000',b'AA',5,58294.71843664,1832047001351039998,10.924,0.023,10.104,0.020,6.799,0.015,4.137,0.024,1201945159,13.918,0.0810,13.086,0.0804,12.331,0.0581,0.430807,5.072039
182.5168867,-46.6074966,b'12h10m04.05s',b'-46d36m26.99s',0.0335,0.0336,0.0081,10.984,0.019,58.3,48.450,10.176,0.017,65.0,12.430,1,0,b'0000',b'AA',10,56853.33013580,1832047001351039998,10.924,0.023,10.104,0.020,6.799,0.015,4.137,0.024,1201945159,13.918,0.0810,13.086,0.0804,12.331,0.0581,0.43165,18.957405
182.5168165,-46.6074903,b'12h10m04.04s',b'-46d36m26.97s',0.0344,0.0382,-0.0119,10.797,0.020,55.2,21.790,10.080,0.021,51.0,4.807,1,0,b'0000',b'AA',10,58134.68888264,1832047001351039998,10.924,0.023,10.104,0.020,6.799,0.015,4.137,0.024,1201945159,13.918,0.0810,13.086,0.0804,12.331,0.0581,0.432208,355.569554
182.5168226,-46.6074896,b'12h10m04.04s',b'-46d36m26.96s',0.0332,0.0365,-0.0020,10.879,0.018,61.9,27.790,10.135,0.018,60.5,8.008,2,0,b'0000',b'AA',5,58295.04556403,1832047001351039998,10.924,0.023,10.104,0.020,6.799,0.015,4.137,0.024,1201945159,13.918,0.0810,13.086,0.0804,12.331,0.0581,0.433822,357.582191
182.5168566,-46.6074899,b'12h10m04.05s',b'-46d36m26.96s',0.0311,0.0314,-0.0093,10.830,0.016,67.5,28.860,10.077,0.017,63.2,8.099,1,0,b'0000',b'AA',10,57766.99764657,1832047001351039998,10.924,0.023,10.104,0.020,6.799,0.015,4.137,0.024,1201945159,13.918,0.0810,13.086,0.0804,12.331,0.0581,0.437336,8.651569
182.5168377,-46.6074882,b'12h10m04.04s',b'-46d36m26.96s',0.0324,0.0368,-0.0112,10.827,0.019,56.4,15.680,10.010,0.017,64.1,6.516,1,0,b'0000',b'AA',10,58498.46863015,1832047001351039998,10.924,0.023,10.104,0.020,6.799,0.015,4.137,0.024,1201945159,13.918,0.0810,13.086,0.0804,12.331,0.0581,0.438888,2.486825
182.5168730,-46.6074916,b'12h10m04.05s',b'-46d36m26.97s',0.0358,0.0367,-0.0110,10.983,0.021,51.7,17.410,10.141,0.019,57.0,6.496,1,0,b'0000',b'AA',10,58865.91495373,1832047001351039998,10.924,0.023,10.104,0.020,6.799,0.015,4.137,0.024,1201945159,13.918,0.0810,13.086,0.0804,12.331,0.0581,0.439308,14.009223
182.5168361,-46.6074868,b'12h10m04.04s',b'-46d36m26.95s',0.0326,0.0315,-0.0116,10.842,0.018,60.7,28.280,10.023,0.017,62.1,4.536,1,0,b'0000',b'AA',10,58134.09981662,1832047001351039998,10.924,0.023,10.104,0.020,6.799,0.015,4.137,0.024,1201945159,13.918,0.0810,13.086,0.0804,12.331,0.0581,0.443779,1.948168
182.5168760,-46.6074908,b'12h10m04.05s',b'-46d36m26.97s',0.0274,0.0310,0.0073,10.757,0.017,64.0,35.620,9.984,0.016,69.1,7.027,1,0,b'0000',b'AA',10,57403.16929851,1832047001351039998,10.924,0.023,10.104,0.020,6.799,0.015,4.137,0.024,1201945159,13.918,0.0810,13.086,0.0804,12.331,0.0581,0.44395,14.848361
182.5168605,-46.6074881,b'12h10m04.05s',b'-46d36m26.96s',0.0317,0.0316,-0.0086,10.749,0.017,62.1,23.680,9.975,0.017,63.1,6.174,1,0,b'0000',b'AA',10,56673.86410737,1832047001351039998,10.924,0.023,10.104,0.020,6.799,0.015,4.137,0.024,1201945159,13.918,0.0810,13.086,0.0804,12.331,0.0581,0.445278,9.753206
182.5169352,-46.6075092,b'12h10m04.06s',b'-46d36m27.03s',0.0315,0.0334,-0.0061,10.993,0.018,58.7,40.000,10.140,0.017,62.5,7.579,1,0,b'0000',b'AA',10,58862.44779340,1832047001351039998,10.924,0.023,10.104,0.020,6.799,0.015,4.137,0.024,1201945159,13.918,0.0810,13.086,0.0804,12.331,0.0581,0.446517,35.639781
182.5168622,-46.6074877,b'12h10m04.05s',b'-46d36m26.96s',0.0315,0.0351,0.0049,10.836,0.019,58.3,16.740,10.017,0.019,55.7,5.132,1,0,b'0000',b'AA',10,58498.59953370,1832047001351039998,10.924,0.023,10.104,0.020,6.799,0.015,4.137,0.024,1201945159,13.918,0.0810,13.086,0.0804,12.331,0.0581,0.447426,10.252594
182.5169760,-46.6075354,b'12h10m04.07s',b'-46d36m27.13s',0.0371,0.0344,0.0066,10.770,0.020,54.7,28.960,9.990,0.018,60.0,12.010,2,0,b'0000',b'AA',5,58498.33772664,1832047001351039998,10.924,0.023,10.104,0.020,6.799,0.015,4.137,0.024,1201945159,13.918,0.0810,13.086,0.0804,12.331,0.0581,0.450005,53.359544
182.5168940,-46.6074925,b'12h10m04.05s',b'-46d36m26.97s',0.0312,0.0330,-0.0078,10.861,0.017,63.4,24.410,10.043,0.017,65.2,5.366,1,0,b'0000',b'AA',10,58134.55797905,1832047001351039998,10.924,0.023,10.104,0.020,6.799,0.015,4.137,0.024,1201945159,13.918,0.0810,13.086,0.0804,12.331,0.0581,0.451639,20.515433
182.5168491,-46.6074851,b'12h10m04.04s',b'-46d36m26.95s',0.0323,0.0313,-0.0052,10.723,0.016,65.9,27.700,10.017,0.016,66.8,6.019,1,0,b'0000',b'AA',10,57402.97256053,1832047001351039998,10.924,0.023,10.104,0.020,6.799,0.015,4.137,0.024,1201945159,13.918,0.0810,13.086,0.0804,12.331,0.0581,0.45211,5.997296
182.5169096,-46.6074959,b'12h10m04.06s',b'-46d36m26.99s',0.0305,0.0351,-0.0055,10.906,0.016,68.2,29.240,10.092,0.019,56.3,9.601,1,0,b'0000',b'AA',10,57039.91819955,1832047001351039998,10.924,0.023,10.104,0.020,6.799,0.015,4.137,0.024,1201945159,13.918,0.0810,13.086,0.0804,12.331,0.0581,0.455503,25.606964
182.5168877,-46.6074889,b'12h10m04.05s',b'-46d36m26.96s',0.0314,0.0344,-0.0135,10.861,0.017,63.8,20.380,10.044,0.018,61.6,6.386,1,0,b'0000',b'AA',10,58133.96891303,1832047001351039998,10.924,0.023,10.104,0.020,6.799,0.015,4.137,0.024,1201945159,13.918,0.0810,13.086,0.0804,12.331,0.0581,0.458716,18.124744
182.5168564,-46.6074822,b'12h10m04.05s',b'-46d36m26.94s',0.0304,0.0360,-0.0119,10.977,0.016,68.4,49.960,10.162,0.017,63.8,7.324,1,0,b'0000',b'AA',10,56853.92225571,1832047001351039998,10.924,0.023,10.104,0.020,6.799,0.015,4.137,0.024,1201945159,13.918,0.0810,13.086,0.0804,12.331,0.0581,0.464691,8.077136
182.5168885,-46.6074861,b'12h10m04.05s',b'-46d36m26.95s',0.0325,0.0316,-0.0063,10.948,0.017,65.3,39.140,10.150,0.018,61.9,4.987,1,0,b'0000',b'AA',10,58862.51311779,1832047001351039998,10.924,0.023,10.104,0.020,6.799,0.015,4.137,0.024,1201945159,13.918,0.0810,13.086,0.0804,12.331,0.0581,0.468921,17.971352
182.5168848,-46.6074848,b'12h10m04.05s',b'-46d36m26.95s',0.0299,0.0310,-0.0094,10.927,0.017,63.4,25.600,10.182,0.017,64.8,7.754,1,0,b'0000',b'AA',10,57040.18102561,1832047001351039998,10.924,0.023,10.104,0.020,6.799,0.015,4.137,0.024,1201945159,13.918,0.0810,13.086,0.0804,12.331,0.0581,0.47066,16.735847
182.5169160,-46.6074932,b'12h10m04.06s',b'-46d36m26.98s',0.0294,0.0297,-0.0061,10.772,0.017,64.2,26.590,10.021,0.015,73.6,6.693,1,0,b'0000',b'AA',5,57403.23487778,1832047001351039998,10.924,0.023,10.104,0.020,6.799,0.015,4.137,0.024,1201945159,13.918,0.0810,13.086,0.0804,12.331,0.0581,0.471212,26.831821
182.5169118,-46.6074917,b'12h10m04.06s',b'-46d36m26.97s',0.0320,0.0352,-0.0104,10.955,0.018,60.9,28.600,10.164,0.017,65.3,4.385,1,0,b'0000',b'AA',10,58865.78405023,1832047001351039998,10.924,0.023,10.104,0.020,6.799,0.015,4.137,0.024,1201945159,13.918,0.0810,13.086,0.0804,12.331,0.0581,0.471492,25.409101
182.5169088,-46.6074904,b'12h10m04.06s',b'-46d36m26.97s',0.0350,0.0374,-0.0086,10.795,0.023,47.1,17.830,9.996,0.017,65.6,4.068,1,0,b'0000',b'AA',10,56673.66647859,1832047001351039998,10.924,0.023,10.104,0.020,6.799,0.015,4.137,0.024,1201945159,13.918,0.0810,13.086,0.0804,12.331,0.0581,0.472613,24.353123
182.5168882,-46.6074843,b'12h10m04.05s',b'-46d36m26.94s',0.0269,0.0323,0.0019,10.762,0.017,62.3,48.220,10.002,0.015,71.0,10.760,1,0,b'0000',b'AA',10,56674.45699359,1832047001351039998,10.924,0.023,10.104,0.020,6.799,0.015,4.137,0.024,1201945159,13.918,0.0810,13.086,0.0804,12.331,0.0581,0.474856,17.644958
182.5168840,-46.6074832,b'12h10m04.05s',b'-46d36m26.94s',0.0344,0.0363,-0.0131,10.808,0.019,55.9,18.170,10.000,0.017,62.9,6.945,1,0,b'0000',b'AA',10,58498.92615595,1832047001351039998,10.924,0.023,10.104,0.020,6.799,0.015,4.137,0.024,1201945159,13.918,0.0810,13.086,0.0804,12.331,0.0581,0.475612,16.30778
182.5168816,-46.6074823,b'12h10m04.05s',b'-46d36m26.94s',0.0312,0.0340,0.0109,10.974,0.019,58.0,37.380,10.176,0.017,64.3,8.633,1,0,b'0000',b'AA',5,58863.16725323,1832047001351039998,10.924,0.023,10.104,0.020,6.799,0.015,4.137,0.024,1201945159,13.918,0.0810,13.086,0.0804,12.331,0.0581,0.477099,15.514364
182.5168345,-46.6074766,b'12h10m04.04s',b'-46d36m26.92s',0.0358,0.0379,-0.0114,10.983,0.017,65.6,28.640,10.151,0.021,50.7,3.373,1,0,b'0000',b'AA',5,58862.18611380,1832047001351039998,10.924,0.023,10.104,0.020,6.799,0.015,4.137,0.024,1201945159,13.918,0.0810,13.086,0.0804,12.331,0.0581,0.480365,1.327559
182.5168855,-46.6074817,b'12h10m04.05s',b'-46d36m26.93s',0.0334,0.0349,0.0081,10.797,0.019,56.3,24.910,10.101,0.020,53.9,5.790,1,0,b'0000',b'AA',10,57767.19412986,1832047001351039998,10.924,0.023,10.104,0.020,6.799,0.015,4.137,0.024,1201945159,13.918,0.0810,13.086,0.0804,12.331,0.0581,0.481848,16.550856
182.5168792,-46.6074803,b'12h10m04.05s',b'-46d36m26.93s',0.0318,0.0362,-0.0038,10.792,0.020,54.8,31.620,10.026,0.017,64.6,9.738,1,0,b'0000',b'AA',5,58498.40317840,1832047001351039998,10.924,0.023,10.104,0.020,6.799,0.015,4.137,0.024,1201945159,13.918,0.0810,13.086,0.0804,12.331,0.0581,0.482514,14.606504
182.5169165,-46.6074895,b'12h10m04.06s',b'-46d36m26.96s',0.0303,0.0329,-0.0068,10.839,0.019,58.3,28.640,9.977,0.016,66.6,7.383,1,0,b'0000',b'AA',5,57403.49706762,1832047001351039998,10.924,0.023,10.104,0.020,6.799,0.015,4.137,0.024,1201945159,13.918,0.0810,13.086,0.0804,12.331,0.0581,0.483677,26.250324
182.5168498,-46.6074741,b'12h10m04.04s',b'-46d36m26.91s',0.0331,0.0320,-0.0060,10.822,0.018,60.3,26.360,10.049,0.019,57.8,5.527,1,0,b'0000',b'AA',10,58498.40330572,1832047001351039998,10.924,0.023,10.104,0.020,6.799,0.015,4.137,0.024,1201945159,13.918,0.0810,13.086,0.0804,12.331,0.0581,0.491687,5.715793
182.5168884,-46.6074783,b'12h10m04.05s',b'-46d36m26.92s',0.0340,0.0353,-0.0083,11.008,0.019,58.6,38.440,10.169,0.018,59.8,10.270,1,0,b'0000',b'AA',5,58862.57856948,1832047001351039998,10.924,0.023,10.104,0.020,6.799,0.015,4.137,0.024,1201945159,13.918,0.0810,13.086,0.0804,12.331,0.0581,0.495629,16.94255
182.5168533,-46.6074725,b'12h10m04.04s',b'-46d36m26.90s',0.0324,0.0366,-0.0027,10.703,0.021,51.7,19.230,9.975,0.018,61.3,12.760,1,0,b'0000',b'AA',10,57402.90710858,1832047001351039998,10.924,0.023,10.104,0.020,6.799,0.015,4.137,0.024,1201945159,13.918,0.0810,13.086,0.0804,12.331,0.0581,0.498347,6.640145
182.5169392,-46.6074936,b'12h10m04.07s',b'-46d36m26.98s',0.0305,0.0363,0.0097,10.857,0.018,59.7,28.890,10.094,0.016,66.9,9.790,1,0,b'0000',b'AA',5,57767.65254841,1832047001351039998,10.924,0.023,10.104,0.020,6.799,0.015,4.137,0.024,1201945159,13.918,0.0810,13.086,0.0804,12.331,0.0581,0.498528,32.801715
182.5169083,-46.6074804,b'12h10m04.06s',b'-46d36m26.93s',0.0333,0.0377,-0.0130,10.830,0.020,53.8,24.740,10.144,0.019,56.8,4.167,1,0,b'0000',b'AA',10,57040.64097117,1832047001351039998,10.924,0.023,10.104,0.020,6.799,0.015,4.137,0.024,1201945159,13.918,0.0810,13.086,0.0804,12.331,0.0581,0.505154,22.541292
182.5168905,-46.6074754,b'12h10m04.05s',b'-46d36m26.91s',0.0377,0.0403,-0.0108,10.729,0.022,48.8,40.500,10.084,0.018,58.8,14.120,1,0,b'0000',b'AA',5,58658.96214311,1832047001351039998,10.924,0.023,10.104,0.020,6.799,0.015,4.137,0.024,1201945159,13.918,0.0810,13.086,0.0804,12.331,0.0581,0.507132,17.160138
182.5168918,-46.6074729,b'12h10m04.05s',b'-46d36m26.90s',0.0284,0.0317,-0.0123,10.746,0.015,71.1,26.830,10.014,0.015,71.4,6.572,1,0,b'0000',b'AA',10,56673.20526612,1832047001351039998,10.924,0.023,10.104,0.020,6.799,0.015,4.137,0.024,1201945159,13.918,0.0810,13.086,0.0804,12.331,0.0581,0.516682,17.206337
182.5169213,-46.6074756,b'12h10m04.06s',b'-46d36m26.91s',0.0320,0.0344,-0.0059,10.895,0.019,58.3,20.910,10.127,0.019,55.9,5.080,1,0,b'0000',b'AA',10,57040.31243853,1832047001351039998,10.924,0.023,10.104,0.020,6.799,0.015,4.137,0.024,1201945159,13.918,0.0810,13.086,0.0804,12.331,0.0581,0.533938,25.017751
182.5169044,-46.6074695,b'12h10m04.06s',b'-46d36m26.89s',0.0392,0.0422,0.0074,10.745,0.022,48.6,46.060,10.021,0.019,57.1,7.595,1,0,b'0000',b'AA',5,58498.79576170,1832047001351039998,10.924,0.023,10.104,0.020,6.799,0.015,4.137,0.024,1201945159,13.918,0.0810,13.086,0.0804,12.331,0.0581,0.538229,19.9908
182.5169363,-46.6074793,b'12h10m04.06s',b'-46d36m26.93s',0.0351,0.0348,0.0075,10.727,0.021,52.0,34.930,9.972,0.019,56.7,5.067,1,0,b'0000',b'AA',10,56674.19353101,1832047001351039998,10.924,0.023,10.104,0.020,6.799,0.015,4.137,0.024,1201945159,13.918,0.0810,13.086,0.0804,12.331,0.0581,0.538983,29.193849
182.5168909,-46.6074556,b'12h10m04.05s',b'-46d36m26.84s',0.0335,0.0353,-0.0072,10.982,0.018,61.9,43.090,10.168,0.018,60.0,8.355,1,0,b'0000',b'AA',5,58862.70934565,1832047001351039998,10.924,0.023,10.104,0.020,6.799,0.015,4.137,0.024,1201945159,13.918,0.0810,13.086,0.0804,12.331,0.0581,0.575885,15.1614
