ra,dec,clon,clat,sigra,sigdec,sigradec,w1mpro,w1sigmpro,w1snr,w1rchi2,w2mpro,w2sigmpro,w2snr,w2rchi2,nb,na,cc_flags,ph_qual,qual_frame,mjd,allwise_cntr,w1mpro_allwise,w1sigmpro_allwise,w2mpro_allwise,w2sigmpro_allwise,w3mpro_allwise,w3sigmpro_allwise,w4mpro_allwise,w4sigmpro_allwise,tmass_key,j_m_2mass,j_msig_2mass,h_m_2mass,h_msig_2mass,k_m_2mass,k_msig_2mass,dist,angle
221.4035433,27.0348313,b'14h45m36.85s',b'27d02m05.39s',0.0343,0.0374,-0.0058,11.093,0.020,53.8,27.460,10.166,0.017,62.2,17.900,1,0,b'h000',b'AA',0,56856.56858428,2214127201351018178,11.134,0.022,10.192,0.020,6.582,0.015,3.906,0.023,663819430,13.923,0.0458,13.041,0.0497,12.316,0.0349,0.213321,30.036216
221.4035340,27.0348381,b'14h45m36.85s',b'27d02m05.42s',0.0303,0.0356,0.0100,11.034,0.017,62.2,6.491,10.101,0.019,57.2,4.449,1,0,b'h000',b'AA',5,56856.10813160,2214127201351018178,11.134,0.022,10.192,0.020,6.582,0.015,3.906,0.023,663819430,13.923,0.0458,13.041,0.0497,12.316,0.0349,0.222872,20.200772
221.4035253,27.0348433,b'14h45m36.85s',b'27d02m05.44s',0.0301,0.0325,-0.0115,10.911,0.017,63.6,10.500,10.017,0.016,66.4,4.232,1,0,b'h000',b'AA',10,57574.31013841,2214127201351018178,11.134,0.022,10.192,0.020,6.582,0.015,3.906,0.023,663819430,13.923,0.0458,13.041,0.0497,12.316,0.0349,0.233107,12.150034
221.4035458,27.0348424,b'14h45m36.85s',b'27d02m05.43s',0.0289,0.0326,-0.0024,10.924,0.018,59.9,8.528,9.990,0.015,70.2,4.390,1,0,b'h000',b'AA',10,57574.17910785,2214127201351018178,11.134,0.022,10.192,0.020,6.582,0.015,3.906,0.023,663819430,13.923,0.0458,13.041,0.0497,12.316,0.0349,0.252278,27.068301
221.4035410,27.0348460,b'14h45m36.85s',b'27d02m05.45s',0.0298,0.0335,-0.0027,10.960,0.018,59.4,8.730,10.010,0.017,62.2,3.164,1,0,b'h000',b'AA',10,57934.79174258,2214127201351018178,11.134,0.022,10.192,0.020,6.582,0.015,3.906,0.023,663819430,13.923,0.0458,13.041,0.0497,12.316,0.0349,0.257558,22.703131
221.4035519,27.0347188,b'14h45m36.85s',b'27d02m04.99s',0.0336,0.0382,-0.0064,11.008,0.017,64.7,56.100,10.105,0.021,51.3,20.870,1,0,b'h000',b'AA',0,57938.06521565,2214127201351018178,11.134,0.022,10.192,0.020,6.582,0.015,3.906,0.023,663819430,13.923,0.0458,13.041,0.0497,12.316,0.0349,0.258053,148.623876
221.4035332,27.0348508,b'14h45m36.85s',b'27d02m05.46s',0.0344,0.0371,0.0037,10.970,0.020,53.4,42.640,10.045,0.019,57.0,11.230,1,0,b'h000',b'AA',0,57937.86886078,2214127201351018178,11.134,0.022,10.192,0.020,6.582,0.015,3.906,0.023,663819430,13.923,0.0458,13.041,0.0497,12.316,0.0349,0.265523,16.271347
221.4035627,27.0348370,b'14h45m36.86s',b'27d02m05.41s',0.0327,0.0367,-0.0083,11.005,0.019,56.5,8.669,10.106,0.017,63.6,2.812,1,0,b'h000',b'AA',5,56856.23967130,2214127201351018178,11.134,0.022,10.192,0.020,6.582,0.015,3.906,0.023,663819430,13.923,0.0458,13.041,0.0497,12.316,0.0349,0.265825,39.472642
221.4035587,27.0348402,b'14h45m36.85s',b'27d02m05.42s',0.0300,0.0373,-0.0117,10.904,0.018,61.9,12.160,10.016,0.019,58.6,8.266,1,0,b'h000',b'AA',5,57937.67237850,2214127201351018178,11.134,0.022,10.192,0.020,6.582,0.015,3.906,0.023,663819430,13.923,0.0458,13.041,0.0497,12.316,0.0349,0.267119,35.775544
221.4035401,27.0348502,b'14h45m36.85s',b'27d02m05.46s',0.0316,0.0339,-0.0062,10.911,0.018,61.6,8.648,10.019,0.019,56.3,2.703,1,0,b'h000',b'AA',5,58661.92121755,2214127201351018178,11.134,0.022,10.192,0.020,6.582,0.015,3.906,0.023,663819430,13.923,0.0458,13.041,0.0497,12.316,0.0349,0.270528,20.902995
221.4035581,27.0348421,b'14h45m36.85s',b'27d02m05.43s',0.0324,0.0369,-0.0124,10.925,0.020,54.3,5.198,10.021,0.019,57.7,1.306,1,0,b'h000',b'AA',10,58297.61256572,2214127201351018178,11.134,0.022,10.192,0.020,6.582,0.015,3.906,0.023,663819430,13.923,0.0458,13.041,0.0497,12.316,0.0349,0.271608,34.602626
221.4035266,27.0348552,b'14h45m36.85s',b'27d02m05.48s',0.0329,0.0340,0.0024,10.940,0.020,55.5,4.650,10.029,0.018,60.3,1.779,1,0,b'h000',b'AA',10,58298.26695428,2214127201351018178,11.134,0.022,10.192,0.020,6.582,0.015,3.906,0.023,663819430,13.923,0.0458,13.041,0.0497,12.316,0.0349,0.275905,11.123818
221.4035590,27.0348448,b'14h45m36.85s',b'27d02m05.44s',0.0294,0.0323,-0.0122,10.910,0.018,58.9,5.936,10.025,0.016,66.5,2.629,1,0,b'h000',b'AA',5,57934.66083925,2214127201351018178,11.134,0.022,10.192,0.020,6.582,0.015,3.906,0.023,663819430,13.923,0.0458,13.041,0.0497,12.316,0.0349,0.281262,33.962077
221.4035489,27.0348513,b'14h45m36.85s',b'27d02m05.46s',0.0306,0.0348,-0.0084,10.959,0.020,54.3,10.270,10.013,0.018,61.4,2.842,1,0,b'h000',b'AA',5,57934.33345385,2214127201351018178,11.134,0.022,10.192,0.020,6.582,0.015,3.906,0.023,663819430,13.923,0.0458,13.041,0.0497,12.316,0.0349,0.28538,25.918193
221.4035391,27.0348564,b'14h45m36.85s',b'27d02m05.48s',0.0313,0.0379,-0.0129,11.006,0.016,67.0,55.340,10.080,0.018,59.0,14.060,1,0,b'h000',b'AA',0,57938.19611941,2214127201351018178,11.134,0.022,10.192,0.020,6.582,0.015,3.906,0.023,663819430,13.923,0.0458,13.041,0.0497,12.316,0.0349,0.290433,18.740546
221.4035458,27.0348545,b'14h45m36.85s',b'27d02m05.48s',0.0329,0.0353,-0.0062,10.920,0.021,51.7,3.289,10.001,0.019,58.5,2.094,1,0,b'h000',b'AA',10,58298.07059956,2214127201351018178,11.134,0.022,10.192,0.020,6.582,0.015,3.906,0.023,663819430,13.923,0.0458,13.041,0.0497,12.316,0.0349,0.291732,23.172315
221.4035535,27.0348514,b'14h45m36.85s',b'27d02m05.47s',0.0332,0.0359,-0.0037,10.831,0.020,54.9,11.700,9.929,0.017,64.0,5.291,1,0,b'h000',b'AA',5,59026.10850440,2214127201351018178,11.134,0.022,10.192,0.020,6.582,0.015,3.906,0.023,663819430,13.923,0.0458,13.041,0.0497,12.316,0.0349,0.292443,28.487432
221.4035751,27.0348377,b'14h45m36.86s',b'27d02m05.42s',0.0322,0.0317,0.0058,10.879,0.019,57.8,9.430,9.967,0.016,65.9,3.731,1,0,b'0000',b'AA',5,57215.95314212,2214127201351018178,11.134,0.022,10.192,0.020,6.582,0.015,3.906,0.023,663819430,13.923,0.0458,13.041,0.0497,12.316,0.0349,0.294487,45.141908
221.4035486,27.0348558,b'14h45m36.85s',b'27d02m05.48s',0.0300,0.0333,-0.0064,10.789,0.018,59.7,5.520,9.959,0.016,66.3,3.397,1,0,b'h000',b'AA',10,59025.97823787,2214127201351018178,11.134,0.022,10.192,0.020,6.582,0.015,3.906,0.023,663819430,13.923,0.0458,13.041,0.0497,12.316,0.0349,0.299639,24.398607
221.4035628,27.0348511,b'14h45m36.86s',b'27d02m05.46s',0.0312,0.0359,-0.0138,10.800,0.020,55.2,7.155,9.975,0.018,60.6,5.059,1,0,b'0000',b'AA',5,57214.96907591,2214127201351018178,11.134,0.022,10.192,0.020,6.582,0.015,3.906,0.023,663819430,13.923,0.0458,13.041,0.0497,12.316,0.0349,0.306897,33.483458
221.4034816,27.0348622,b'14h45m36.84s',b'27d02m05.50s',0.0380,0.0430,0.0084,11.570,0.019,57.8,45.530,10.594,0.020,55.4,31.570,2,0,b'h000',b'AA',0,56676.61613898,2214127201351018178,11.134,0.022,10.192,0.020,6.582,0.015,3.906,0.023,663819430,13.923,0.0458,13.041,0.0497,12.316,0.0349,0.309609,342.894452
221.4035791,27.0348414,b'14h45m36.86s',b'27d02m05.43s',0.0321,0.0330,-0.0074,10.935,0.019,55.8,9.058,9.999,0.017,65.3,4.294,1,0,b'h000',b'AA',5,57935.05367649,2214127201351018178,11.134,0.022,10.192,0.020,6.582,0.015,3.906,0.023,663819430,13.923,0.0458,13.041,0.0497,12.316,0.0349,0.312978,45.069643
221.4035324,27.0348647,b'14h45m36.85s',b'27d02m05.51s',0.0332,0.0302,-0.0089,10.788,0.016,65.8,7.236,9.927,0.017,62.9,4.824,1,0,b'h000',b'AA',5,59026.82834469,2214127201351018178,11.134,0.022,10.192,0.020,6.582,0.015,3.906,0.023,663819430,13.923,0.0458,13.041,0.0497,12.316,0.0349,0.313265,13.255224
221.4035484,27.0348606,b'14h45m36.85s',b'27d02m05.50s',0.0334,0.0346,-0.0135,10.816,0.016,68.2,6.185,9.950,0.019,57.1,2.196,1,0,b'h000',b'AA',5,59026.95912057,2214127201351018178,11.134,0.022,10.192,0.020,6.582,0.015,3.906,0.023,663819430,13.923,0.0458,13.041,0.0497,12.316,0.0349,0.315204,22.994799
221.4035606,27.0348554,b'14h45m36.85s',b'27d02m05.48s',0.0307,0.0314,-0.0093,10.801,0.016,65.9,6.336,9.945,0.016,66.6,1.961,1,0,b'h000',b'AA',10,59026.37056547,2214127201351018178,11.134,0.022,10.192,0.020,6.582,0.015,3.906,0.023,663819430,13.923,0.0458,13.041,0.0497,12.316,0.0349,0.316236,30.869203
221.4035225,27.0348688,b'14h45m36.85s',b'27d02m05.53s',0.0323,0.0328,0.0038,10.945,0.020,55.5,6.477,9.997,0.016,67.2,3.807,1,0,b'h000',b'AA',5,57582.17184678,2214127201351018178,11.134,0.022,10.192,0.020,6.582,0.015,3.906,0.023,663819430,13.923,0.0458,13.041,0.0497,12.316,0.0349,0.322184,7.146695
221.4035638,27.0348560,b'14h45m36.86s',b'27d02m05.48s',0.0315,0.0341,-0.0100,10.947,0.018,59.6,6.412,10.020,0.018,58.9,1.374,1,0,b'h000',b'AA',10,57934.20255061,2214127201351018178,11.134,0.022,10.192,0.020,6.582,0.015,3.906,0.023,663819430,13.923,0.0458,13.041,0.0497,12.316,0.0349,0.323443,32.233199
221.4035424,27.0348652,b'14h45m36.85s',b'27d02m05.51s',0.0304,0.0348,-0.0107,10.827,0.019,58.4,8.216,9.965,0.018,61.3,3.160,1,0,b'h000',b'AA',5,57215.42825561,2214127201351018178,11.134,0.022,10.192,0.020,6.582,0.015,3.906,0.023,663819430,13.923,0.0458,13.041,0.0497,12.316,0.0349,0.323837,18.712697
221.4035350,27.0348673,b'14h45m36.85s',b'27d02m05.52s',0.0328,0.0381,-0.0068,10.911,0.019,57.3,4.365,9.982,0.019,58.0,2.479,1,0,b'h000',b'AA',10,57574.44116899,2214127201351018178,11.134,0.022,10.192,0.020,6.582,0.015,3.906,0.023,663819430,13.923,0.0458,13.041,0.0497,12.316,0.0349,0.324347,14.309712
221.4035165,27.0348710,b'14h45m36.84s',b'27d02m05.54s',0.0348,0.0326,-0.0066,10.919,0.020,53.6,4.671,10.006,0.017,63.5,0.605,1,0,b'h000',b'AA',10,56676.35267641,2214127201351018178,11.134,0.022,10.192,0.020,6.582,0.015,3.906,0.023,663819430,13.923,0.0458,13.041,0.0497,12.316,0.0349,0.328255,3.640455
221.4035660,27.0348567,b'14h45m36.86s',b'27d02m05.48s',0.0325,0.0360,-0.0136,11.052,0.017,64.4,7.535,10.107,0.017,64.5,2.054,1,0,b'h000',b'AA',0,56856.63441784,2214127201351018178,11.134,0.022,10.192,0.020,6.582,0.015,3.906,0.023,663819430,13.923,0.0458,13.041,0.0497,12.316,0.0349,0.329376,33.037457
221.4035574,27.0348633,b'14h45m36.85s',b'27d02m05.51s',0.0328,0.0364,-0.0102,10.953,0.017,64.5,4.820,10.000,0.018,60.1,2.004,1,0,b'h000',b'AA',10,57574.70323005,2214127201351018178,11.134,0.022,10.192,0.020,6.582,0.015,3.906,0.023,663819430,13.923,0.0458,13.041,0.0497,12.316,0.0349,0.336203,26.87817
221.4035379,27.0348712,b'14h45m36.85s',b'27d02m05.54s',0.0315,0.0323,-0.0102,10.949,0.016,65.9,10.520,10.054,0.018,59.7,3.159,1,0,b'h000',b'AA',5,58662.18238723,2214127201351018178,11.134,0.022,10.192,0.020,6.582,0.015,3.906,0.023,663819430,13.923,0.0458,13.041,0.0497,12.316,0.0349,0.340295,15.242628
221.4034466,27.0348562,b'14h45m36.83s',b'27d02m05.48s',0.0334,0.0407,0.0135,11.010,0.019,56.2,58.540,10.141,0.019,55.9,20.620,1,0,b'h000',b'AA',0,57937.86873341,2214127201351018178,11.134,0.022,10.192,0.020,6.582,0.015,3.906,0.023,663819430,13.923,0.0458,13.041,0.0497,12.316,0.0349,0.341445,323.457631
221.4035377,27.0348716,b'14h45m36.85s',b'27d02m05.54s',0.0295,0.0326,-0.0118,10.864,0.016,66.2,6.975,9.966,0.017,62.8,4.423,1,0,b'h000',b'AA',10,57215.10023380,2214127201351018178,11.134,0.022,10.192,0.020,6.582,0.015,3.906,0.023,663819430,13.923,0.0458,13.041,0.0497,12.316,0.0349,0.341514,15.075302
221.4035403,27.0348710,b'14h45m36.85s',b'27d02m05.54s',0.0313,0.0364,0.0099,10.802,0.020,54.1,6.415,9.957,0.019,58.0,2.317,1,0,b'h000',b'AA',5,59026.69756881,2214127201351018178,11.134,0.022,10.192,0.020,6.582,0.015,3.906,0.023,663819430,13.923,0.0458,13.041,0.0497,12.316,0.0349,0.341707,16.5195
221.4035312,27.0348740,b'14h45m36.85s',b'27d02m05.55s',0.0307,0.0354,-0.0049,11.047,0.017,62.9,12.320,10.123,0.016,68.0,3.701,1,0,b'h000',b'AA',10,56856.96333093,2214127201351018178,11.134,0.022,10.192,0.020,6.582,0.015,3.906,0.023,663819430,13.923,0.0458,13.041,0.0497,12.316,0.0349,0.34516,11.358848
221.4035725,27.0348585,b'14h45m36.86s',b'27d02m05.49s',0.0315,0.0350,-0.0122,10.919,0.021,52.7,6.067,9.988,0.017,64.3,1.763,1,0,b'h000',b'AA',5,57573.72056384,2214127201351018178,11.134,0.022,10.192,0.020,6.582,0.015,3.906,0.023,663819430,13.923,0.0458,13.041,0.0497,12.316,0.0349,0.346457,35.343501
221.4035656,27.0348628,b'14h45m36.86s',b'27d02m05.51s',0.0326,0.0349,0.0051,10.948,0.018,59.6,6.461,10.014,0.018,59.0,2.056,1,0,b'h000',b'AA',10,58298.26682692,2214127201351018178,11.134,0.022,10.192,0.020,6.582,0.015,3.906,0.023,663819430,13.923,0.0458,13.041,0.0497,12.316,0.0349,0.347329,30.884616
221.4035347,27.0348744,b'14h45m36.85s',b'27d02m05.55s',0.0324,0.0327,-0.0089,10.941,0.020,53.8,6.926,10.009,0.016,67.3,2.222,1,0,b'h000',b'AA',10,58298.00514796,2214127201351018178,11.134,0.022,10.192,0.020,6.582,0.015,3.906,0.023,663819430,13.923,0.0458,13.041,0.0497,12.316,0.0349,0.348943,13.119265
221.4035429,27.0348734,b'14h45m36.85s',b'27d02m05.54s',0.0335,0.0358,-0.0095,10.963,0.018,61.0,5.439,10.030,0.017,64.4,2.589,1,0,b'h000',b'AA',10,57934.72629091,2214127201351018178,11.134,0.022,10.192,0.020,6.582,0.015,3.906,0.023,663819430,13.923,0.0458,13.041,0.0497,12.316,0.0349,0.352405,17.419678
221.4035592,27.0348677,b'14h45m36.85s',b'27d02m05.52s',0.0284,0.0339,-0.0111,10.942,0.017,63.9,9.134,10.013,0.016,67.6,1.557,1,0,b'h000',b'AA',10,57937.21408995,2214127201351018178,11.134,0.022,10.192,0.020,6.582,0.015,3.906,0.023,663819430,13.923,0.0458,13.041,0.0497,12.316,0.0349,0.352941,26.551417
221.4035534,27.0348705,b'14h45m36.85s',b'27d02m05.53s',0.0312,0.0375,-0.0093,11.046,0.020,53.4,7.085,10.153,0.018,59.4,1.381,1,0,b'h000',b'AA',5,56856.70025134,2214127201351018178,11.134,0.022,10.192,0.020,6.582,0.015,3.906,0.023,663819430,13.923,0.0458,13.041,0.0497,12.316,0.0349,0.354277,23.130076
221.4035540,27.0348711,b'14h45m36.85s',b'27d02m05.54s',0.0365,0.0327,0.0032,10.910,0.020,55.0,8.215,10.020,0.020,54.5,2.505,1,0,b'h000',b'AA',5,57934.59538767,2214127201351018178,11.134,0.022,10.192,0.020,6.582,0.015,3.906,0.023,663819430,13.923,0.0458,13.041,0.0497,12.316,0.0349,0.357026,23.277852
221.4035503,27.0348725,b'14h45m36.85s',b'27d02m05.54s',0.0335,0.0340,-0.0134,10.946,0.016,67.4,9.144,10.028,0.018,60.7,2.383,1,0,b'h000',b'AA',5,57935.18457969,2214127201351018178,11.134,0.022,10.192,0.020,6.582,0.015,3.906,0.023,663819430,13.923,0.0458,13.041,0.0497,12.316,0.0349,0.357198,21.209709
221.4035591,27.0348692,b'14h45m36.85s',b'27d02m05.53s',0.0322,0.0341,-0.0085,10.902,0.018,61.8,30.980,10.045,0.017,62.8,10.210,1,0,b'h000',b'AA',0,57938.45805317,2214127201351018178,11.134,0.022,10.192,0.020,6.582,0.015,3.906,0.023,663819430,13.923,0.0458,13.041,0.0497,12.316,0.0349,0.357647,26.118756
221.4035400,27.0348757,b'14h45m36.85s',b'27d02m05.55s',0.0345,0.0387,-0.0099,10.939,0.019,57.2,8.605,10.025,0.022,49.1,1.705,1,0,b'0000',b'AA',5,58662.37912395,2214127201351018178,11.134,0.022,10.192,0.020,6.582,0.015,3.906,0.023,663819430,13.923,0.0458,13.041,0.0497,12.316,0.0349,0.3577,15.601099
221.4035402,27.0348759,b'14h45m36.85s',b'27d02m05.55s',0.0329,0.0309,-0.0051,11.071,0.019,57.2,8.996,10.106,0.016,67.3,2.244,1,0,b'h000',b'AA',5,56857.22653777,2214127201351018178,11.134,0.022,10.192,0.020,6.582,0.015,3.906,0.023,663819430,13.923,0.0458,13.041,0.0497,12.316,0.0349,0.35857,15.668861
221.4035762,27.0348606,b'14h45m36.86s',b'27d02m05.50s',0.0385,0.0414,-0.0079,10.955,0.022,49.8,22.600,10.058,0.020,54.1,11.120,1,0,b'h000',b'AA',5,58662.24822079,2214127201351018178,11.134,0.022,10.192,0.020,6.582,0.015,3.906,0.023,663819430,13.923,0.0458,13.041,0.0497,12.316,0.0349,0.359518,36.188908
221.4035223,27.0348793,b'14h45m36.85s',b'27d02m05.57s',0.0324,0.0350,0.0060,10.851,0.020,53.2,8.758,9.947,0.019,57.1,3.724,1,0,b'h000',b'AA',5,57215.62511964,2214127201351018178,11.134,0.022,10.192,0.020,6.582,0.015,3.906,0.023,663819430,13.923,0.0458,13.041,0.0497,12.316,0.0349,0.359649,6.296099
221.4035636,27.0348680,b'14h45m36.86s',b'27d02m05.52s',0.0350,0.0347,-0.0099,10.828,0.017,62.5,6.431,9.966,0.019,58.5,1.434,1,0,b'h000',b'AA',5,57215.55941340,2214127201351018178,11.134,0.022,10.192,0.020,6.582,0.015,3.906,0.023,663819430,13.923,0.0458,13.041,0.0497,12.316,0.0349,0.360423,28.481404
221.4035161,27.0348804,b'14h45m36.84s',b'27d02m05.57s',0.0308,0.0347,-0.0084,10.963,0.017,63.0,7.588,10.066,0.017,65.2,3.490,1,0,b'h000',b'AA',5,57937.60692691,2214127201351018178,11.134,0.022,10.192,0.020,6.582,0.015,3.906,0.023,663819430,13.923,0.0458,13.041,0.0497,12.316,0.0349,0.361966,3.097714
221.4035642,27.0348682,b'14h45m36.86s',b'27d02m05.53s',0.0300,0.0320,-0.0098,10.922,0.016,68.9,5.281,10.019,0.016,69.0,2.923,1,0,b'h000',b'AA',0,56676.81376767,2214127201351018178,11.134,0.022,10.192,0.020,6.582,0.015,3.906,0.023,663819430,13.923,0.0458,13.041,0.0497,12.316,0.0349,0.361979,28.694739
221.4035599,27.0348706,b'14h45m36.85s',b'27d02m05.53s',0.0331,0.0357,-0.0139,10.986,0.017,63.4,41.780,10.034,0.017,63.5,12.510,1,0,b'h000',b'AA',0,57937.99976397,2214127201351018178,11.134,0.022,10.192,0.020,6.582,0.015,3.906,0.023,663819430,13.923,0.0458,13.041,0.0497,12.316,0.0349,0.363295,26.132093
221.4035474,27.0348754,b'14h45m36.85s',b'27d02m05.55s',0.0316,0.0319,-0.0081,11.037,0.017,62.8,6.006,10.069,0.018,61.7,1.392,1,0,b'h000',b'AA',5,56856.50287810,2214127201351018178,11.134,0.022,10.192,0.020,6.582,0.015,3.906,0.023,663819430,13.923,0.0458,13.041,0.0497,12.316,0.0349,0.363775,19.248999
221.4035164,27.0348811,b'14h45m36.84s',b'27d02m05.57s',0.0312,0.0342,-0.0059,10.965,0.019,57.5,8.985,10.035,0.016,68.0,3.932,1,0,b'h000',b'AA',10,57934.92264583,2214127201351018178,11.134,0.022,10.192,0.020,6.582,0.015,3.906,0.023,663819430,13.923,0.0458,13.041,0.0497,12.316,0.0349,0.364541,3.227289
221.4035805,27.0348597,b'14h45m36.86s',b'27d02m05.49s',0.0371,0.0361,-0.0111,10.921,0.024,44.4,8.027,9.991,0.017,64.4,5.330,1,0,b'h000',b'AA',10,57574.63777845,2214127201351018178,11.134,0.022,10.192,0.020,6.582,0.015,3.906,0.023,663819430,13.923,0.0458,13.041,0.0497,12.316,0.0349,0.365278,38.234944
221.4035163,27.0348817,b'14h45m36.84s',b'27d02m05.57s',0.0320,0.0326,0.0061,10.958,0.018,58.8,9.302,10.032,0.016,67.2,4.847,1,0,b'h000',b'AA',10,57934.46435706,2214127201351018178,11.134,0.022,10.192,0.020,6.582,0.015,3.906,0.023,663819430,13.923,0.0458,13.041,0.0497,12.316,0.0349,0.366672,3.158262
221.4035599,27.0348717,b'14h45m36.85s',b'27d02m05.54s',0.0320,0.0370,-0.0093,10.953,0.017,63.6,7.660,10.012,0.019,57.3,2.116,1,0,b'h000',b'AA',5,57937.73783012,2214127201351018178,11.134,0.022,10.192,0.020,6.582,0.015,3.906,0.023,663819430,13.923,0.0458,13.041,0.0497,12.316,0.0349,0.366853,25.859688
221.4035351,27.0348797,b'14h45m36.85s',b'27d02m05.57s',0.0314,0.0322,-0.0109,10.867,0.017,64.8,6.489,9.963,0.017,63.9,4.334,1,0,b'h000',b'AA',10,57215.82185635,2214127201351018178,11.134,0.022,10.192,0.020,6.582,0.015,3.906,0.023,663819430,13.923,0.0458,13.041,0.0497,12.316,0.0349,0.36783,12.639255
221.4035614,27.0348719,b'14h45m36.85s',b'27d02m05.54s',0.0347,0.0379,-0.0003,10.952,0.017,63.9,6.510,10.050,0.019,56.1,3.315,1,0,b'h000',b'AA',5,58662.31367234,2214127201351018178,11.134,0.022,10.192,0.020,6.582,0.015,3.906,0.023,663819430,13.923,0.0458,13.041,0.0497,12.316,0.0349,0.369623,26.481956
221.4035622,27.0348716,b'14h45m36.85s',b'27d02m05.54s',0.0362,0.0349,0.0096,10.903,0.022,48.3,11.780,10.031,0.018,58.7,3.619,1,0,b'h000',b'AA',5,58662.44457554,2214127201351018178,11.134,0.022,10.192,0.020,6.582,0.015,3.906,0.023,663819430,13.923,0.0458,13.041,0.0497,12.316,0.0349,0.369815,26.912321
221.4035619,27.0348723,b'14h45m36.85s',b'27d02m05.54s',0.0337,0.0335,-0.0102,10.963,0.018,61.6,8.361,10.057,0.018,59.6,4.081,1,0,b'h000',b'AA',5,58298.46318170,2214127201351018178,11.134,0.022,10.192,0.020,6.582,0.015,3.906,0.023,663819430,13.923,0.0458,13.041,0.0497,12.316,0.0349,0.371624,26.604212
221.4035229,27.0348826,b'14h45m36.85s',b'27d02m05.58s',0.0329,0.0300,-0.0065,10.938,0.019,56.1,12.670,9.994,0.016,69.1,4.865,1,0,b'h000',b'AA',5,57574.50674796,2214127201351018178,11.134,0.022,10.192,0.020,6.582,0.015,3.906,0.023,663819430,13.923,0.0458,13.041,0.0497,12.316,0.0349,0.371675,6.390063
221.4035411,27.0348795,b'14h45m36.85s',b'27d02m05.57s',0.0316,0.0351,-0.0041,10.939,0.019,58.5,10.630,10.009,0.017,64.1,2.925,1,0,b'h000',b'AA',10,58662.44444818,2214127201351018178,11.134,0.022,10.192,0.020,6.582,0.015,3.906,0.023,663819430,13.923,0.0458,13.041,0.0497,12.316,0.0349,0.371828,15.557684
221.4035289,27.0348821,b'14h45m36.85s',b'27d02m05.58s',0.0301,0.0307,-0.0116,10.813,0.015,70.2,14.110,9.930,0.015,71.6,2.760,1,0,b'h000',b'AA',5,59027.08989649,2214127201351018178,11.134,0.022,10.192,0.020,6.582,0.015,3.906,0.023,663819430,13.923,0.0458,13.041,0.0497,12.316,0.0349,0.372526,9.362991
221.4035849,27.0348602,b'14h45m36.86s',b'27d02m05.50s',0.0324,0.0348,-0.0126,10.900,0.017,65.8,5.787,9.994,0.017,63.7,2.349,1,0,b'h000',b'AA',10,58500.93962956,2214127201351018178,11.134,0.022,10.192,0.020,6.582,0.015,3.906,0.023,663819430,13.923,0.0458,13.041,0.0497,12.316,0.0349,0.375556,39.755927
221.4035297,27.0348832,b'14h45m36.85s',b'27d02m05.58s',0.0331,0.0335,-0.0097,10.808,0.017,62.4,6.784,9.914,0.019,58.3,2.619,1,0,b'h000',b'AA',10,59026.23978958,2214127201351018178,11.134,0.022,10.192,0.020,6.582,0.015,3.906,0.023,663819430,13.923,0.0458,13.041,0.0497,12.316,0.0349,0.37685,9.649869
221.4035429,27.0348809,b'14h45m36.85s',b'27d02m05.57s',0.0323,0.0352,-0.0146,10.956,0.017,64.5,6.790,10.018,0.017,63.8,2.362,1,0,b'h000',b'AA',10,58662.57535139,2214127201351018178,11.134,0.022,10.192,0.020,6.582,0.015,3.906,0.023,663819430,13.923,0.0458,13.041,0.0497,12.316,0.0349,0.378251,16.195211
221.4035434,27.0348808,b'14h45m36.85s',b'27d02m05.57s',0.0331,0.0351,-0.0119,10.940,0.019,56.5,9.099,9.964,0.017,62.9,2.368,1,0,b'h000',b'AA',5,57574.37571738,2214127201351018178,11.134,0.022,10.192,0.020,6.582,0.015,3.906,0.023,663819430,13.923,0.0458,13.041,0.0497,12.316,0.0349,0.378351,16.443578
221.4035409,27.0348815,b'14h45m36.85s',b'27d02m05.57s',0.0319,0.0345,-0.0145,10.929,0.017,64.8,8.548,10.023,0.017,62.9,1.415,1,0,b'h000',b'AA',5,57935.44638676,2214127201351018178,11.134,0.022,10.192,0.020,6.582,0.015,3.906,0.023,663819430,13.923,0.0458,13.041,0.0497,12.316,0.0349,0.3786,15.171933
221.4034992,27.0348852,b'14h45m36.84s',b'27d02m05.59s',0.0389,0.0372,-0.0145,10.799,0.021,50.7,19.050,10.015,0.018,59.7,7.592,1,0,b'h000',b'AA',5,58868.58166718,2214127201351018178,11.134,0.022,10.192,0.020,6.582,0.015,3.906,0.023,663819430,13.923,0.0458,13.041,0.0497,12.316,0.0349,0.380306,354.775189
221.4034942,27.0348850,b'14h45m36.84s',b'27d02m05.59s',0.0336,0.0336,0.0084,11.034,0.019,57.8,11.060,10.101,0.017,64.9,2.832,1,0,b'h000',b'AA',5,56856.37121100,2214127201351018178,11.134,0.022,10.192,0.020,6.582,0.015,3.906,0.023,663819430,13.923,0.0458,13.041,0.0497,12.316,0.0349,0.381385,352.365936
221.4035039,27.0348861,b'14h45m36.84s',b'27d02m05.59s',0.0365,0.0360,0.0070,10.853,0.020,55.6,17.510,9.989,0.017,62.7,6.178,1,0,b'h000',b'AA',10,57214.96894860,2214127201351018178,11.134,0.022,10.192,0.020,6.582,0.015,3.906,0.023,663819430,13.923,0.0458,13.041,0.0497,12.316,0.0349,0.382461,357.068405
221.4035423,27.0348824,b'14h45m36.85s',b'27d02m05.58s',0.0326,0.0334,-0.0114,11.055,0.016,65.9,5.448,10.092,0.017,62.4,1.559,1,0,b'h000',b'AA',0,56857.09487066,2214127201351018178,11.134,0.022,10.192,0.020,6.582,0.015,3.906,0.023,663819430,13.923,0.0458,13.041,0.0497,12.316,0.0349,0.382917,15.69338
221.4035768,27.0348691,b'14h45m36.86s',b'27d02m05.53s',0.0333,0.0319,-0.0112,10.974,0.018,61.9,7.277,10.033,0.016,66.4,2.196,1,0,b'h000',b'AA',5,58298.13605115,2214127201351018178,11.134,0.022,10.192,0.020,6.582,0.015,3.906,0.023,663819430,13.923,0.0458,13.041,0.0497,12.316,0.0349,0.385707,33.7349
221.4035695,27.0348732,b'14h45m36.86s',b'27d02m05.54s',0.0331,0.0358,-0.0135,10.992,0.017,63.6,7.864,10.057,0.017,63.1,2.677,1,0,b'h000',b'AA',10,57769.53703148,2214127201351018178,11.134,0.022,10.192,0.020,6.582,0.015,3.906,0.023,663819430,13.923,0.0458,13.041,0.0497,12.316,0.0349,0.385977,29.624841
221.4035533,27.0348801,b'14h45m36.85s',b'27d02m05.57s',0.0319,0.0328,-0.0052,10.929,0.018,59.6,7.719,10.041,0.019,56.9,2.929,1,0,b'h000',b'AA',5,57937.47602367,2214127201351018178,11.134,0.022,10.192,0.020,6.582,0.015,3.906,0.023,663819430,13.923,0.0458,13.041,0.0497,12.316,0.0349,0.386185,21.071712
221.4035176,27.0348874,b'14h45m36.84s',b'27d02m05.59s',0.0344,0.0327,-0.0041,10.948,0.018,59.3,40.020,10.111,0.018,59.4,9.109,1,0,b'h000',b'AA',0,56677.60441000,2214127201351018178,11.134,0.022,10.192,0.020,6.582,0.015,3.906,0.023,663819430,13.923,0.0458,13.041,0.0497,12.316,0.0349,0.387406,3.606649
221.4035788,27.0348690,b'14h45m36.86s',b'27d02m05.53s',0.0339,0.0359,-0.0134,10.960,0.018,59.3,6.183,10.043,0.017,63.8,3.231,1,0,b'h000',b'AA',5,58298.59408488,2214127201351018178,11.134,0.022,10.192,0.020,6.582,0.015,3.906,0.023,663819430,13.923,0.0458,13.041,0.0497,12.316,0.0349,0.389012,34.549908
221.4035762,27.0348711,b'14h45m36.86s',b'27d02m05.54s',0.0321,0.0306,-0.0026,10.922,0.018,58.9,8.480,10.005,0.017,62.9,4.450,1,0,b'h000',b'AA',5,57574.11365624,2214127201351018178,11.134,0.022,10.192,0.020,6.582,0.015,3.906,0.023,663819430,13.923,0.0458,13.041,0.0497,12.316,0.0349,0.390672,32.913781
221.4035694,27.0348749,b'14h45m36.86s',b'27d02m05.55s',0.0324,0.0328,-0.0141,10.804,0.016,69.1,6.745,9.930,0.018,61.0,2.237,1,0,b'h000',b'AA',5,59027.22067233,2214127201351018178,11.134,0.022,10.192,0.020,6.582,0.015,3.906,0.023,663819430,13.923,0.0458,13.041,0.0497,12.316,0.0349,0.391155,29.140867
221.4035632,27.0348786,b'14h45m36.86s',b'27d02m05.56s',0.0343,0.0357,-0.0045,10.960,0.019,57.2,18.200,10.074,0.017,65.2,7.737,1,0,b'h000',b'AA',5,57937.34499310,2214127201351018178,11.134,0.022,10.192,0.020,6.582,0.015,3.906,0.023,663819430,13.923,0.0458,13.041,0.0497,12.316,0.0349,0.393827,25.668784
221.4035544,27.0348820,b'14h45m36.85s',b'27d02m05.58s',0.0339,0.0371,-0.0110,10.994,0.018,58.7,7.630,10.123,0.021,52.4,3.282,1,0,b'h000',b'AA',10,57773.40125411,2214127201351018178,11.134,0.022,10.192,0.020,6.582,0.015,3.906,0.023,663819430,13.923,0.0458,13.041,0.0497,12.316,0.0349,0.393839,21.192781
221.4035358,27.0348873,b'14h45m36.85s',b'27d02m05.59s',0.0332,0.0342,-0.0139,10.937,0.017,64.8,7.739,10.019,0.017,63.9,1.644,1,0,b'0000',b'AA',10,57934.85719417,2214127201351018178,11.134,0.022,10.192,0.020,6.582,0.015,3.906,0.023,663819430,13.923,0.0458,13.041,0.0497,12.316,0.0349,0.395036,12.088617
221.4035270,27.0348889,b'14h45m36.85s',b'27d02m05.60s',0.0327,0.0350,-0.0106,10.906,0.017,64.9,6.497,9.993,0.017,64.5,2.245,1,0,b'h000',b'AA',10,58868.51583339,2214127201351018178,11.134,0.022,10.192,0.020,6.582,0.015,3.906,0.023,663819430,13.923,0.0458,13.041,0.0497,12.316,0.0349,0.395813,7.916148
221.4035373,27.0348875,b'14h45m36.85s',b'27d02m05.59s',0.0314,0.0317,-0.0106,10.906,0.016,67.0,8.830,9.973,0.016,67.5,2.401,1,0,b'h000',b'AA',10,58868.05843522,2214127201351018178,11.134,0.022,10.192,0.020,6.582,0.015,3.906,0.023,663819430,13.923,0.0458,13.041,0.0497,12.316,0.0349,0.396778,12.746025
221.4035751,27.0348743,b'14h45m36.86s',b'27d02m05.55s',0.0336,0.0360,-0.0040,11.014,0.020,53.5,6.177,10.035,0.017,62.4,2.153,1,0,b'h000',b'AA',10,57769.66793549,2214127201351018178,11.134,0.022,10.192,0.020,6.582,0.015,3.906,0.023,663819430,13.923,0.0458,13.041,0.0497,12.316,0.0349,0.398524,31.587996
221.4035462,27.0348859,b'14h45m36.85s',b'27d02m05.59s',0.0328,0.0332,-0.0136,10.822,0.018,60.1,5.321,9.916,0.017,63.1,2.444,1,0,b'h000',b'AA',10,59026.56628357,2214127201351018178,11.134,0.022,10.192,0.020,6.582,0.015,3.906,0.023,663819430,13.923,0.0458,13.041,0.0497,12.316,0.0349,0.398524,16.934439
221.4035424,27.0348874,b'14h45m36.85s',b'27d02m05.59s',0.0298,0.0326,-0.0082,10.811,0.016,67.9,9.238,9.941,0.016,66.9,1.727,1,0,b'0000',b'AA',5,59026.63211719,2214127201351018178,11.134,0.022,10.192,0.020,6.582,0.015,3.906,0.023,663819430,13.923,0.0458,13.041,0.0497,12.316,0.0349,0.400357,15.04076
221.4035672,27.0348796,b'14h45m36.86s',b'27d02m05.57s',0.0342,0.0357,-0.0102,10.817,0.017,65.3,6.237,9.973,0.019,56.6,2.199,1,0,b'0000',b'AA',10,59030.22826337,2214127201351018178,11.134,0.022,10.192,0.020,6.582,0.015,3.906,0.023,663819430,13.923,0.0458,13.041,0.0497,12.316,0.0349,0.402745,27.091727
221.4035687,27.0348791,b'14h45m36.86s',b'27d02m05.56s',0.0315,0.0345,-0.0127,10.902,0.017,65.4,6.724,9.999,0.017,65.2,3.288,1,0,b'h000',b'AA',10,58501.26676172,2214127201351018178,11.134,0.022,10.192,0.020,6.582,0.015,3.906,0.023,663819430,13.923,0.0458,13.041,0.0497,12.316,0.0349,0.403366,27.816438
221.4035328,27.0348902,b'14h45m36.85s',b'27d02m05.60s',0.0343,0.0373,-0.0124,10.965,0.017,64.1,7.945,10.016,0.018,58.8,1.563,1,0,b'h000',b'AA',10,57574.83426067,2214127201351018178,11.134,0.022,10.192,0.020,6.582,0.015,3.906,0.023,663819430,13.923,0.0458,13.041,0.0497,12.316,0.0349,0.403401,10.441821
221.4035513,27.0348861,b'14h45m36.85s',b'27d02m05.59s',0.0320,0.0317,-0.0052,10.850,0.018,59.9,5.948,9.959,0.017,64.5,2.021,1,0,b'h000',b'AA',5,57215.36267670,2214127201351018178,11.134,0.022,10.192,0.020,6.582,0.015,3.906,0.023,663819430,13.923,0.0458,13.041,0.0497,12.316,0.0349,0.404267,19.122528
221.4035839,27.0348714,b'14h45m36.86s',b'27d02m05.54s',0.0325,0.0321,-0.0085,10.934,0.019,56.0,6.871,10.006,0.017,64.7,1.971,1,0,b'h000',b'AA',5,57574.24468677,2214127201351018178,11.134,0.022,10.192,0.020,6.582,0.015,3.906,0.023,663819430,13.923,0.0458,13.041,0.0497,12.316,0.0349,0.405492,35.760879
221.4035338,27.0348908,b'14h45m36.85s',b'27d02m05.61s',0.0322,0.0440,-0.0058,10.956,0.020,54.3,4.609,10.017,0.018,61.8,1.615,1,0,b'h000',b'AA',10,58297.87424478,2214127201351018178,11.134,0.022,10.192,0.020,6.582,0.015,3.906,0.023,663819430,13.923,0.0458,13.041,0.0497,12.316,0.0349,0.406121,10.831501
221.4035300,27.0348917,b'14h45m36.85s',b'27d02m05.61s',0.0346,0.0328,-0.0067,10.916,0.017,63.6,4.331,10.005,0.017,62.6,2.243,1,0,b'h000',b'AA',5,56677.07735757,2214127201351018178,11.134,0.022,10.192,0.020,6.582,0.015,3.906,0.023,663819430,13.923,0.0458,13.041,0.0497,12.316,0.0349,0.407201,9.061565
221.4035419,27.0348895,b'14h45m36.85s',b'27d02m05.60s',0.0323,0.0315,-0.0101,10.921,0.016,66.2,3.246,10.000,0.016,67.5,1.475,1,0,b'h000',b'AA',5,56676.74793394,2214127201351018178,11.134,0.022,10.192,0.020,6.582,0.015,3.906,0.023,663819430,13.923,0.0458,13.041,0.0497,12.316,0.0349,0.407259,14.546905
221.4035442,27.0348891,b'14h45m36.85s',b'27d02m05.60s',0.0321,0.0322,-0.0114,10.916,0.018,60.9,7.301,10.010,0.017,63.1,2.114,1,0,b'h000',b'AA',10,58298.72498797,2214127201351018178,11.134,0.022,10.192,0.020,6.582,0.015,3.906,0.023,663819430,13.923,0.0458,13.041,0.0497,12.316,0.0349,0.40778,15.600826
221.4035541,27.0348865,b'14h45m36.85s',b'27d02m05.59s',0.0339,0.0365,-0.0108,10.823,0.019,56.4,25.230,9.993,0.017,65.6,5.195,1,0,b'h000',b'AA',5,58501.59389333,2214127201351018178,11.134,0.022,10.192,0.020,6.582,0.015,3.906,0.023,663819430,13.923,0.0458,13.041,0.0497,12.316,0.0349,0.408648,20.245863
221.4035252,27.0348928,b'14h45m36.85s',b'27d02m05.61s',0.0305,0.0304,-0.0039,10.844,0.018,61.9,7.568,9.969,0.015,72.4,2.673,1,0,b'h000',b'AA',10,57215.23139159,2214127201351018178,11.134,0.022,10.192,0.020,6.582,0.015,3.906,0.023,663819430,13.923,0.0458,13.041,0.0497,12.316,0.0349,0.408995,6.844323
221.4035592,27.0348849,b'14h45m36.85s',b'27d02m05.59s',0.0331,0.0338,-0.0120,11.003,0.017,63.3,9.229,10.045,0.018,62.0,3.087,1,0,b'h000',b'AA',10,57769.92999816,2214127201351018178,11.134,0.022,10.192,0.020,6.582,0.015,3.906,0.023,663819430,13.923,0.0458,13.041,0.0497,12.316,0.0349,0.409272,22.673633
221.4035460,27.0348892,b'14h45m36.85s',b'27d02m05.60s',0.0373,0.0370,-0.0069,10.917,0.022,50.5,7.598,9.955,0.018,59.0,2.020,1,0,b'h000',b'AA',10,58501.92102498,2214127201351018178,11.134,0.022,10.192,0.020,6.582,0.015,3.906,0.023,663819430,13.923,0.0458,13.041,0.0497,12.316,0.0349,0.409722,16.364729
221.4035570,27.0348860,b'14h45m36.85s',b'27d02m05.59s',0.0301,0.0304,-0.0108,10.967,0.016,69.8,5.722,10.040,0.015,74.2,2.448,1,0,b'h000',b'AA',5,57042.99112559,2214127201351018178,11.134,0.022,10.192,0.020,6.582,0.015,3.906,0.023,663819430,13.923,0.0458,13.041,0.0497,12.316,0.0349,0.410286,21.551357
221.4035732,27.0348795,b'14h45m36.86s',b'27d02m05.57s',0.0317,0.0345,-0.0100,11.006,0.017,65.6,6.179,10.050,0.017,64.2,1.368,1,0,b'h000',b'AA',10,57769.99545014,2214127201351018178,11.134,0.022,10.192,0.020,6.582,0.015,3.906,0.023,663819430,13.923,0.0458,13.041,0.0497,12.316,0.0349,0.411551,29.499885
221.4035601,27.0348853,b'14h45m36.85s',b'27d02m05.59s',0.0325,0.0313,-0.0043,11.035,0.018,60.7,7.431,10.124,0.015,71.1,2.948,1,0,b'h000',b'AA',0,56856.83179113,2214127201351018178,11.134,0.022,10.192,0.020,6.582,0.015,3.906,0.023,663819430,13.923,0.0458,13.041,0.0497,12.316,0.0349,0.411711,22.966966
221.4035403,27.0348915,b'14h45m36.85s',b'27d02m05.61s',0.0328,0.0330,-0.0094,10.917,0.018,61.6,6.606,10.000,0.018,60.4,3.258,1,0,b'h000',b'AA',10,58137.22724595,2214127201351018178,11.134,0.022,10.192,0.020,6.582,0.015,3.906,0.023,663819430,13.923,0.0458,13.041,0.0497,12.316,0.0349,0.412994,13.607003
221.4034927,27.0348941,b'14h45m36.84s',b'27d02m05.62s',0.0406,0.0396,-0.0115,10.905,0.023,48.2,9.931,9.989,0.020,55.1,1.766,1,0,b'h000',b'AA',10,58297.74334154,2214127201351018178,11.134,0.022,10.192,0.020,6.582,0.015,3.906,0.023,663819430,13.923,0.0458,13.041,0.0497,12.316,0.0349,0.41449,352.308531
221.4035353,27.0348939,b'14h45m36.85s',b'27d02m05.62s',0.0303,0.0355,-0.0134,11.034,0.017,64.7,6.426,10.099,0.017,65.2,2.138,1,0,b'h000',b'AA',5,56856.89749737,2214127201351018178,11.134,0.022,10.192,0.020,6.582,0.015,3.906,0.023,663819430,13.923,0.0458,13.041,0.0497,12.316,0.0349,0.417985,11.191605
221.4035371,27.0348943,b'14h45m36.85s',b'27d02m05.62s',0.0309,0.0332,-0.0108,10.929,0.016,69.7,7.314,10.005,0.018,60.8,2.398,1,0,b'h000',b'AA',5,56676.94556263,2214127201351018178,11.134,0.022,10.192,0.020,6.582,0.015,3.906,0.023,663819430,13.923,0.0458,13.041,0.0497,12.316,0.0349,0.420554,11.924951
221.4035256,27.0348960,b'14h45m36.85s',b'27d02m05.63s',0.0314,0.0363,-0.0078,11.007,0.019,58.0,9.264,10.111,0.017,62.8,2.211,1,0,b'h000',b'AA',5,56857.22641041,2214127201351018178,11.134,0.022,10.192,0.020,6.582,0.015,3.906,0.023,663819430,13.923,0.0458,13.041,0.0497,12.316,0.0349,0.420587,6.830788
221.4035307,27.0348957,b'14h45m36.85s',b'27d02m05.62s',0.0310,0.0351,-0.0139,10.889,0.016,66.2,5.255,10.007,0.017,65.6,1.450,1,0,b'h000',b'AA',5,57574.96529120,2214127201351018178,11.134,0.022,10.192,0.020,6.582,0.015,3.906,0.023,663819430,13.923,0.0458,13.041,0.0497,12.316,0.0349,0.421776,9.054595
221.4035379,27.0348948,b'14h45m36.85s',b'27d02m05.62s',0.0311,0.0319,-0.0027,10.924,0.018,60.7,6.328,10.025,0.018,61.0,2.101,1,0,b'h000',b'AA',5,58662.64080299,2214127201351018178,11.134,0.022,10.192,0.020,6.582,0.015,3.906,0.023,663819430,13.923,0.0458,13.041,0.0497,12.316,0.0349,0.42285,12.214649
221.4035700,27.0348846,b'14h45m36.86s',b'27d02m05.58s',0.0325,0.0337,-0.0082,10.770,0.019,56.1,5.452,9.936,0.018,60.8,2.648,1,0,b'h000',b'AA',5,59026.43601710,2214127201351018178,11.134,0.022,10.192,0.020,6.582,0.015,3.906,0.023,663819430,13.923,0.0458,13.041,0.0497,12.316,0.0349,0.422861,27.064075
221.4035486,27.0348931,b'14h45m36.85s',b'27d02m05.62s',0.0333,0.0358,0.0065,10.943,0.020,55.3,14.740,10.085,0.019,55.9,4.018,1,0,b'h000',b'AA',5,58298.20150274,2214127201351018178,11.134,0.022,10.192,0.020,6.582,0.015,3.906,0.023,663819430,13.923,0.0458,13.041,0.0497,12.316,0.0349,0.425556,16.909166
221.4035663,27.0348871,b'14h45m36.86s',b'27d02m05.59s',0.0318,0.0371,-0.0112,10.905,0.017,62.3,6.993,9.998,0.017,63.2,3.131,1,0,b'h000',b'AA',10,58662.77157878,2214127201351018178,11.134,0.022,10.192,0.020,6.582,0.015,3.906,0.023,663819430,13.923,0.0458,13.041,0.0497,12.316,0.0349,0.425733,25.090691
221.4035407,27.0348953,b'14h45m36.85s',b'27d02m05.62s',0.0340,0.0335,-0.0024,10.804,0.018,61.7,9.272,9.923,0.017,62.4,3.831,1,0,b'0000',b'AA',10,59026.50083204,2214127201351018178,11.134,0.022,10.192,0.020,6.582,0.015,3.906,0.023,663819430,13.923,0.0458,13.041,0.0497,12.316,0.0349,0.426598,13.34218
221.4035627,27.0348895,b'14h45m36.86s',b'27d02m05.60s',0.0322,0.0318,-0.0048,10.912,0.019,58.6,7.643,10.002,0.015,71.1,2.631,1,0,b'h000',b'AA',10,58501.52844155,2214127201351018178,11.134,0.022,10.192,0.020,6.582,0.015,3.906,0.023,663819430,13.923,0.0458,13.041,0.0497,12.316,0.0349,0.428895,23.204289
221.4035472,27.0348945,b'14h45m36.85s',b'27d02m05.62s',0.0326,0.0365,0.0092,11.045,0.020,53.9,24.970,10.058,0.017,62.7,7.736,1,0,b'h000',b'AA',0,57938.32714998,2214127201351018178,11.134,0.022,10.192,0.020,6.582,0.015,3.906,0.023,663819430,13.923,0.0458,13.041,0.0497,12.316,0.0349,0.429115,16.139912
221.4035268,27.0348983,b'14h45m36.85s',b'27d02m05.63s',0.0320,0.0329,-0.0113,11.041,0.016,67.5,7.686,10.096,0.017,65.4,1.853,1,0,b'h000',b'AA',10,56856.76595753,2214127201351018178,11.134,0.022,10.192,0.020,6.582,0.015,3.906,0.023,663819430,13.923,0.0458,13.041,0.0497,12.316,0.0349,0.429269,7.209294
221.4035003,27.0348991,b'14h45m36.84s',b'27d02m05.64s',0.0338,0.0367,-0.0118,10.919,0.017,63.4,5.366,9.985,0.020,55.0,0.884,1,0,b'h000',b'AA',10,57574.57219957,2214127201351018178,11.134,0.022,10.192,0.020,6.582,0.015,3.906,0.023,663819430,13.923,0.0458,13.041,0.0497,12.316,0.0349,0.429885,355.850761
221.4035418,27.0348961,b'14h45m36.85s',b'27d02m05.63s',0.0311,0.0341,-0.0131,10.867,0.016,68.4,6.343,9.991,0.016,68.1,2.099,1,0,b'h000',b'AA',5,57216.08429991,2214127201351018178,11.134,0.022,10.192,0.020,6.582,0.015,3.906,0.023,663819430,13.923,0.0458,13.041,0.0497,12.316,0.0349,0.430214,13.71075
221.4035655,27.0348893,b'14h45m36.86s',b'27d02m05.60s',0.0331,0.0370,-0.0115,10.985,0.019,58.3,6.751,10.052,0.018,60.2,3.452,1,0,b'h000',b'AA',5,57773.27022273,2214127201351018178,11.134,0.022,10.192,0.020,6.582,0.015,3.906,0.023,663819430,13.923,0.0458,13.041,0.0497,12.316,0.0349,0.431858,24.336854
221.4035496,27.0348948,b'14h45m36.85s',b'27d02m05.62s',0.0321,0.0353,-0.0114,10.929,0.017,65.6,5.045,9.979,0.017,64.5,1.537,1,0,b'h000',b'AA',10,58137.68540874,2214127201351018178,11.134,0.022,10.192,0.020,6.582,0.015,3.906,0.023,663819430,13.923,0.0458,13.041,0.0497,12.316,0.0349,0.43235,17.07985
221.4035556,27.0348934,b'14h45m36.85s',b'27d02m05.62s',0.0301,0.0302,-0.0116,10.860,0.016,67.6,6.139,9.913,0.016,69.0,2.478,1,0,b'h000',b'AA',10,57405.64564897,2214127201351018178,11.134,0.022,10.192,0.020,6.582,0.015,3.906,0.023,663819430,13.923,0.0458,13.041,0.0497,12.316,0.0349,0.433637,19.70636
221.4035818,27.0348821,b'14h45m36.86s',b'27d02m05.58s',0.0305,0.0317,-0.0099,10.959,0.015,70.4,6.203,10.050,0.016,67.0,3.242,1,0,b'h000',b'AA',5,57042.85971253,2214127201351018178,11.134,0.022,10.192,0.020,6.582,0.015,3.906,0.023,663819430,13.923,0.0458,13.041,0.0497,12.316,0.0349,0.433713,32.06261
221.4035313,27.0348991,b'14h45m36.85s',b'27d02m05.64s',0.0300,0.0335,-0.0141,10.875,0.016,68.5,6.408,9.950,0.016,68.2,2.262,1,0,b'h000',b'AA',5,57215.75627743,2214127201351018178,11.134,0.022,10.192,0.020,6.582,0.015,3.906,0.023,663819430,13.923,0.0458,13.041,0.0497,12.316,0.0349,0.43417,9.051127
221.4035742,27.0348875,b'14h45m36.86s',b'27d02m05.59s',0.0298,0.0355,-0.0100,10.875,0.018,60.3,5.339,9.910,0.016,67.6,2.369,1,0,b'h000',b'AA',5,57405.90783885,2214127201351018178,11.134,0.022,10.192,0.020,6.582,0.015,3.906,0.023,663819430,13.923,0.0458,13.041,0.0497,12.316,0.0349,0.43835,28.010839
221.4035634,27.0348924,b'14h45m36.86s',b'27d02m05.61s',0.0319,0.0339,-0.0087,10.936,0.018,60.0,12.130,9.984,0.017,63.5,3.094,1,0,b'h000',b'AA',5,58868.32011484,2214127201351018178,11.134,0.022,10.192,0.020,6.582,0.015,3.906,0.023,663819430,13.923,0.0458,13.041,0.0497,12.316,0.0349,0.439383,22.93691
221.4035983,27.0348734,b'14h45m36.86s',b'27d02m05.54s',0.0387,0.0376,-0.0121,10.935,0.025,43.6,8.952,9.961,0.016,67.4,3.846,1,0,b'h000',b'AA',10,57216.21558507,2214127201351018178,11.134,0.022,10.192,0.020,6.582,0.015,3.906,0.023,663819430,13.923,0.0458,13.041,0.0497,12.316,0.0349,0.439576,40.100479
221.4035346,27.0349002,b'14h45m36.85s',b'27d02m05.64s',0.0302,0.0303,-0.0050,10.928,0.017,63.5,7.412,10.025,0.017,63.0,1.502,1,0,b'h000',b'AA',0,56677.20915252,2214127201351018178,11.134,0.022,10.192,0.020,6.582,0.015,3.906,0.023,663819430,13.923,0.0458,13.041,0.0497,12.316,0.0349,0.439856,10.331333
221.4035182,27.0349020,b'14h45m36.84s',b'27d02m05.65s',0.0315,0.0341,0.0025,10.946,0.018,58.9,6.655,10.007,0.017,65.6,2.570,1,0,b'h000',b'AA',10,58298.33227852,2214127201351018178,11.134,0.022,10.192,0.020,6.582,0.015,3.906,0.023,663819430,13.923,0.0458,13.041,0.0497,12.316,0.0349,0.439985,3.426136
221.4035841,27.0348836,b'14h45m36.86s',b'27d02m05.58s',0.0303,0.0327,-0.0110,10.926,0.018,61.4,9.659,9.976,0.016,68.0,5.116,1,0,b'h000',b'AA',5,58137.81631244,2214127201351018178,11.134,0.022,10.192,0.020,6.582,0.015,3.906,0.023,663819430,13.923,0.0458,13.041,0.0497,12.316,0.0349,0.442223,32.501022
221.4035820,27.0348856,b'14h45m36.86s',b'27d02m05.59s',0.0333,0.0382,-0.0129,10.904,0.021,51.4,7.450,10.038,0.018,59.3,2.300,1,0,b'0000',b'AA',10,58661.79044166,2214127201351018178,11.134,0.022,10.192,0.020,6.582,0.015,3.906,0.023,663819430,13.923,0.0458,13.041,0.0497,12.316,0.0349,0.444779,31.27097
221.4035610,27.0348955,b'14h45m36.85s',b'27d02m05.62s',0.0308,0.0326,-0.0067,10.948,0.018,60.7,22.510,10.042,0.018,61.3,22.190,1,0,b'h000',b'AA',0,57937.93431235,2214127201351018178,11.134,0.022,10.192,0.020,6.582,0.015,3.906,0.023,663819430,13.923,0.0458,13.041,0.0497,12.316,0.0349,0.446802,21.470174
221.4035553,27.0348974,b'14h45m36.85s',b'27d02m05.63s',0.0312,0.0355,-0.0079,10.927,0.016,67.1,8.980,10.024,0.018,59.9,2.313,1,0,b'h000',b'AA',10,58662.70612719,2214127201351018178,11.134,0.022,10.192,0.020,6.582,0.015,3.906,0.023,663819430,13.923,0.0458,13.041,0.0497,12.316,0.0349,0.446908,18.967706
221.4035930,27.0348805,b'14h45m36.86s',b'27d02m05.57s',0.0304,0.0374,-0.0109,10.953,0.017,64.5,7.303,10.053,0.018,61.4,4.010,1,0,b'h000',b'AA',5,57042.79400601,2214127201351018178,11.134,0.022,10.192,0.020,6.582,0.015,3.906,0.023,663819430,13.923,0.0458,13.041,0.0497,12.316,0.0349,0.449154,36.339225
221.4035188,27.0349050,b'14h45m36.84s',b'27d02m05.66s',0.0361,0.0355,-0.0074,10.995,0.022,49.7,6.926,9.969,0.019,57.8,1.213,1,0,b'h000',b'AA',10,57573.85159503,2214127201351018178,11.134,0.022,10.192,0.020,6.582,0.015,3.906,0.023,663819430,13.923,0.0458,13.041,0.0497,12.316,0.0349,0.450886,3.58817
221.4035311,27.0349039,b'14h45m36.85s',b'27d02m05.65s',0.0297,0.0304,-0.0039,10.873,0.017,63.0,5.916,9.986,0.015,70.7,3.156,1,0,b'h000',b'AA',5,57215.69069856,2214127201351018178,11.134,0.022,10.192,0.020,6.582,0.015,3.906,0.023,663819430,13.923,0.0458,13.041,0.0497,12.316,0.0349,0.451147,8.625445
221.4035885,27.0348846,b'14h45m36.86s',b'27d02m05.58s',0.0298,0.0352,-0.0110,10.951,0.016,66.9,8.415,10.083,0.018,59.9,3.033,1,0,b'h000',b'AA',5,57042.92541906,2214127201351018178,11.134,0.022,10.192,0.020,6.582,0.015,3.906,0.023,663819430,13.923,0.0458,13.041,0.0497,12.316,0.0349,0.452945,33.761662
221.4035022,27.0349059,b'14h45m36.84s',b'27d02m05.66s',0.0334,0.0316,-0.0100,10.872,0.018,60.2,4.688,9.961,0.016,69.9,3.283,1,0,b'h000',b'AA',5,57406.36676652,2214127201351018178,11.134,0.022,10.192,0.020,6.582,0.015,3.906,0.023,663819430,13.923,0.0458,13.041,0.0497,12.316,0.0349,0.453934,356.841381
221.4035703,27.0348943,b'14h45m36.86s',b'27d02m05.62s',0.0314,0.0342,-0.0124,10.886,0.016,66.3,7.068,9.992,0.017,64.5,3.598,1,0,b'h000',b'AA',10,58865.04918243,2214127201351018178,11.134,0.022,10.192,0.020,6.582,0.015,3.906,0.023,663819430,13.923,0.0458,13.041,0.0497,12.316,0.0349,0.454652,25.169421
221.4035285,27.0349053,b'14h45m36.85s',b'27d02m05.66s',0.0316,0.0272,-0.0097,10.939,0.016,66.6,9.023,10.044,0.015,74.5,2.669,1,0,b'h000',b'AA',10,57042.53130730,2214127201351018178,11.134,0.022,10.192,0.020,6.582,0.015,3.906,0.023,663819430,13.923,0.0458,13.041,0.0497,12.316,0.0349,0.454963,7.492108
221.4035563,27.0348997,b'14h45m36.85s',b'27d02m05.64s',0.0323,0.0324,-0.0084,10.879,0.016,66.9,7.149,9.976,0.017,65.7,2.294,1,0,b'h000',b'AA',10,57215.49383449,2214127201351018178,11.134,0.022,10.192,0.020,6.582,0.015,3.906,0.023,663819430,13.923,0.0458,13.041,0.0497,12.316,0.0349,0.455783,19.0106
221.4035586,27.0348993,b'14h45m36.85s',b'27d02m05.64s',0.0286,0.0324,0.0038,10.940,0.017,65.0,6.704,10.035,0.015,72.4,2.778,1,0,b'h000',b'AA',5,57042.66259300,2214127201351018178,11.134,0.022,10.192,0.020,6.582,0.015,3.906,0.023,663819430,13.923,0.0458,13.041,0.0497,12.316,0.0349,0.45688,19.943923
221.4035606,27.0348991,b'14h45m36.85s',b'27d02m05.64s',0.0325,0.0325,-0.0083,10.926,0.017,63.9,7.683,10.011,0.017,65.2,3.046,1,0,b'h000',b'AA',10,58298.85576384,2214127201351018178,11.134,0.022,10.192,0.020,6.582,0.015,3.906,0.023,663819430,13.923,0.0458,13.041,0.0497,12.316,0.0349,0.458438,20.72811
221.4035355,27.0349065,b'14h45m36.85s',b'27d02m05.66s',0.0302,0.0311,-0.0086,10.917,0.017,63.1,6.778,9.986,0.017,63.8,3.471,1,0,b'h000',b'AA',10,58137.35814961,2214127201351018178,11.134,0.022,10.192,0.020,6.582,0.015,3.906,0.023,663819430,13.923,0.0458,13.041,0.0497,12.316,0.0349,0.462684,10.179232
221.4035564,27.0349021,b'14h45m36.85s',b'27d02m05.65s',0.0325,0.0316,0.0027,10.903,0.019,57.3,6.625,9.985,0.018,59.7,1.568,1,0,b'h000',b'AA',10,58868.77802241,2214127201351018178,11.134,0.022,10.192,0.020,6.582,0.015,3.906,0.023,663819430,13.923,0.0458,13.041,0.0497,12.316,0.0349,0.46406,18.700543
221.4035594,27.0349013,b'14h45m36.85s',b'27d02m05.64s',0.0312,0.0374,-0.0105,10.886,0.020,55.1,6.140,10.037,0.019,57.8,3.318,1,0,b'h000',b'AA',10,58501.46311705,2214127201351018178,11.134,0.022,10.192,0.020,6.582,0.015,3.906,0.023,663819430,13.923,0.0458,13.041,0.0497,12.316,0.0349,0.464528,19.938438
221.4035482,27.0349047,b'14h45m36.85s',b'27d02m05.66s',0.0334,0.0357,-0.0129,10.965,0.017,63.4,4.459,10.011,0.016,66.8,2.475,1,0,b'h000',b'AA',10,57935.31548351,2214127201351018178,11.134,0.022,10.192,0.020,6.582,0.015,3.906,0.023,663819430,13.923,0.0458,13.041,0.0497,12.316,0.0349,0.465331,15.262297
221.4035737,27.0348962,b'14h45m36.86s',b'27d02m05.63s',0.0318,0.0318,-0.0065,10.918,0.019,58.5,6.639,10.013,0.016,69.4,3.173,1,0,b'h000',b'AA',5,56677.34082015,2214127201351018178,11.134,0.022,10.192,0.020,6.582,0.015,3.906,0.023,663819430,13.923,0.0458,13.041,0.0497,12.316,0.0349,0.465524,26.025869
221.4035431,27.0349060,b'14h45m36.85s',b'27d02m05.66s',0.0348,0.0378,-0.0149,11.053,0.018,60.3,26.170,10.087,0.019,58.5,10.270,1,0,b'h000',b'AA',0,57769.79896685,2214127201351018178,11.134,0.022,10.192,0.020,6.582,0.015,3.906,0.023,663819430,13.923,0.0458,13.041,0.0497,12.316,0.0349,0.465848,13.169877
221.4035369,27.0349072,b'14h45m36.85s',b'27d02m05.67s',0.0363,0.0382,-0.0115,10.858,0.022,50.1,3.881,10.065,0.018,60.2,1.880,1,0,b'h000',b'AA',5,56677.01139642,2214127201351018178,11.134,0.022,10.192,0.020,6.582,0.015,3.906,0.023,663819430,13.923,0.0458,13.041,0.0497,12.316,0.0349,0.46597,10.667787
221.4035752,27.0348958,b'14h45m36.86s',b'27d02m05.62s',0.0322,0.0354,0.0045,10.930,0.022,50.1,5.595,10.000,0.016,65.9,1.813,1,0,b'h000',b'AA',5,57573.98262561,2214127201351018178,11.134,0.022,10.192,0.020,6.582,0.015,3.906,0.023,663819430,13.923,0.0458,13.041,0.0497,12.316,0.0349,0.466365,26.634508
221.4036060,27.0348784,b'14h45m36.87s',b'27d02m05.56s',0.0421,0.0440,0.0069,10.937,0.026,41.6,31.180,10.116,0.018,59.9,23.960,1,0,b'0000',b'AA',0,58661.79031434,2214127201351018178,11.134,0.022,10.192,0.020,6.582,0.015,3.906,0.023,663819430,13.923,0.0458,13.041,0.0497,12.316,0.0349,0.469303,40.990791
221.4035665,27.0349005,b'14h45m36.86s',b'27d02m05.64s',0.0324,0.0326,-0.0134,10.962,0.017,63.3,5.874,10.050,0.018,61.0,3.876,1,0,b'h000',b'AA',5,57043.05683212,2214127201351018178,11.134,0.022,10.192,0.020,6.582,0.015,3.906,0.023,663819430,13.923,0.0458,13.041,0.0497,12.316,0.0349,0.470118,22.667614
221.4036007,27.0348826,b'14h45m36.86s',b'27d02m05.58s',0.0370,0.0355,-0.0087,11.084,0.020,55.2,21.890,10.073,0.019,57.5,6.783,1,0,b'h000',b'AA',0,57770.38841676,2214127201351018178,11.134,0.022,10.192,0.020,6.582,0.015,3.906,0.023,663819430,13.923,0.0458,13.041,0.0497,12.316,0.0349,0.470118,38.217566
221.4035627,27.0349022,b'14h45m36.86s',b'27d02m05.65s',0.0328,0.0382,-0.0113,10.955,0.017,63.2,8.155,10.008,0.022,50.3,1.312,1,0,b'h000',b'AA',5,58501.79024869,2214127201351018178,11.134,0.022,10.192,0.020,6.582,0.015,3.906,0.023,663819430,13.923,0.0458,13.041,0.0497,12.316,0.0349,0.471262,21.013595
221.4035518,27.0349056,b'14h45m36.85s',b'27d02m05.66s',0.0305,0.0346,-0.0123,10.807,0.017,63.5,6.298,9.935,0.016,66.6,3.522,1,0,b'h000',b'AA',10,59026.76289307,2214127201351018178,11.134,0.022,10.192,0.020,6.582,0.015,3.906,0.023,663819430,13.923,0.0458,13.041,0.0497,12.316,0.0349,0.471613,16.511779
221.4035355,27.0349096,b'14h45m36.85s',b'27d02m05.67s',0.0317,0.0324,-0.0128,11.056,0.017,63.9,5.492,10.098,0.016,66.8,1.388,1,0,b'h000',b'AA',10,56857.35807747,2214127201351018178,11.134,0.022,10.192,0.020,6.582,0.015,3.906,0.023,663819430,13.923,0.0458,13.041,0.0497,12.316,0.0349,0.473671,9.940661
221.4035646,27.0349024,b'14h45m36.86s',b'27d02m05.65s',0.0367,0.0400,0.0078,10.929,0.023,47.2,21.610,10.065,0.018,59.9,11.180,1,0,b'h000',b'AA',0,58662.05199338,2214127201351018178,11.134,0.022,10.192,0.020,6.582,0.015,3.906,0.023,663819430,13.923,0.0458,13.041,0.0497,12.316,0.0349,0.47415,21.669672
221.4035283,27.0349111,b'14h45m36.85s',b'27d02m05.68s',0.0287,0.0297,-0.0103,10.868,0.017,65.8,8.063,9.925,0.015,72.2,2.941,1,0,b'h000',b'AA',10,57406.10457674,2214127201351018178,11.134,0.022,10.192,0.020,6.582,0.015,3.906,0.023,663819430,13.923,0.0458,13.041,0.0497,12.316,0.0349,0.475592,7.087513
221.4035483,27.0349083,b'14h45m36.85s',b'27d02m05.67s',0.0330,0.0307,0.0049,10.932,0.018,60.9,5.361,9.962,0.018,61.9,2.417,1,0,b'h000',b'AA',5,58137.48905326,2214127201351018178,11.134,0.022,10.192,0.020,6.582,0.015,3.906,0.023,663819430,13.923,0.0458,13.041,0.0497,12.316,0.0349,0.47793,14.89039
221.4035886,27.0348933,b'14h45m36.86s',b'27d02m05.62s',0.0329,0.0329,0.0036,10.881,0.020,54.9,9.107,9.906,0.016,68.5,2.680,1,0,b'h000',b'AA',5,57406.23560797,2214127201351018178,11.134,0.022,10.192,0.020,6.582,0.015,3.906,0.023,663819430,13.923,0.0458,13.041,0.0497,12.316,0.0349,0.479469,31.713121
221.4035542,27.0349077,b'14h45m36.85s',b'27d02m05.67s',0.0329,0.0331,-0.0119,10.977,0.016,66.1,8.351,10.020,0.017,62.3,4.001,1,0,b'h000',b'AA',10,58298.39773016,2214127201351018178,11.134,0.022,10.192,0.020,6.582,0.015,3.906,0.023,663819430,13.923,0.0458,13.041,0.0497,12.316,0.0349,0.481073,17.134671
221.4035258,27.0349129,b'14h45m36.85s',b'27d02m05.69s',0.0315,0.0340,-0.0085,10.877,0.017,65.1,9.211,9.993,0.018,59.1,1.398,1,0,b'h000',b'AA',5,58865.31086199,2214127201351018178,11.134,0.022,10.192,0.020,6.582,0.015,3.906,0.023,663819430,13.923,0.0458,13.041,0.0497,12.316,0.0349,0.481112,6.044845
221.4035819,27.0348973,b'14h45m36.86s',b'27d02m05.63s',0.0330,0.0327,-0.0136,10.901,0.016,66.0,9.653,9.947,0.017,64.5,2.841,1,0,b'h000',b'AA',10,58137.42360144,2214127201351018178,11.134,0.022,10.192,0.020,6.582,0.015,3.906,0.023,663819430,13.923,0.0458,13.041,0.0497,12.316,0.0349,0.481122,28.633662
221.4035631,27.0349052,b'14h45m36.86s',b'27d02m05.66s',0.0355,0.0376,-0.0099,10.772,0.023,48.1,6.690,10.004,0.018,60.1,1.556,1,0,b'h000',b'AA',10,58868.58179449,2214127201351018178,11.134,0.022,10.192,0.020,6.582,0.015,3.906,0.023,663819430,13.923,0.0458,13.041,0.0497,12.316,0.0349,0.481808,20.695439
221.4035495,27.0349095,b'14h45m36.85s',b'27d02m05.67s',0.0318,0.0355,-0.0089,10.899,0.018,59.0,5.886,9.985,0.019,58.0,3.881,1,0,b'h000',b'AA',10,58137.94721610,2214127201351018178,11.134,0.022,10.192,0.020,6.582,0.015,3.906,0.023,663819430,13.923,0.0458,13.041,0.0497,12.316,0.0349,0.483101,15.199774
221.4035668,27.0349043,b'14h45m36.86s',b'27d02m05.66s',0.0327,0.0295,-0.0111,10.902,0.018,61.7,6.097,9.933,0.016,66.1,2.126,1,0,b'h000',b'AA',5,58868.90879862,2214127201351018178,11.134,0.022,10.192,0.020,6.582,0.015,3.906,0.023,663819430,13.923,0.0458,13.041,0.0497,12.316,0.0349,0.48313,22.147647
221.4035694,27.0349034,b'14h45m36.86s',b'27d02m05.65s',0.0342,0.0396,0.0087,10.976,0.020,55.5,28.660,10.067,0.018,61.0,13.370,1,0,b'h000',b'AA',5,57937.80328178,2214127201351018178,11.134,0.022,10.192,0.020,6.582,0.015,3.906,0.023,663819430,13.923,0.0458,13.041,0.0497,12.316,0.0349,0.483355,23.207859
221.4035862,27.0348960,b'14h45m36.86s',b'27d02m05.63s',0.0314,0.0414,-0.0096,10.904,0.018,60.4,8.603,9.979,0.019,56.8,2.361,1,0,b'h000',b'AA',10,58501.33221350,2214127201351018178,11.134,0.022,10.192,0.020,6.582,0.015,3.906,0.023,663819430,13.923,0.0458,13.041,0.0497,12.316,0.0349,0.483833,30.33264
221.4035440,27.0349115,b'14h45m36.85s',b'27d02m05.68s',0.0334,0.0357,0.0025,10.869,0.020,54.7,26.060,10.028,0.017,62.2,13.050,1,0,b'h000',b'AA',5,58662.50939043,2214127201351018178,11.134,0.022,10.192,0.020,6.582,0.015,3.906,0.023,663819430,13.923,0.0458,13.041,0.0497,12.316,0.0349,0.485792,12.969238
221.4035362,27.0349131,b'14h45m36.85s',b'27d02m05.69s',0.0326,0.0360,-0.0110,10.924,0.019,58.5,5.850,9.993,0.019,58.6,3.012,1,0,b'h000',b'AA',10,58868.45089096,2214127201351018178,11.134,0.022,10.192,0.020,6.582,0.015,3.906,0.023,663819430,13.923,0.0458,13.041,0.0497,12.316,0.0349,0.486472,9.944881
221.4035669,27.0349053,b'14h45m36.86s',b'27d02m05.66s',0.0324,0.0347,0.0026,10.976,0.016,67.3,4.899,10.036,0.018,60.5,0.843,1,0,b'h000',b'AA',5,57043.12253865,2214127201351018178,11.134,0.022,10.192,0.020,6.582,0.015,3.906,0.023,663819430,13.923,0.0458,13.041,0.0497,12.316,0.0349,0.486588,22.022809
221.4035582,27.0349084,b'14h45m36.85s',b'27d02m05.67s',0.0322,0.0343,-0.0148,10.917,0.016,66.0,8.463,10.013,0.017,63.5,2.939,1,0,b'h000',b'AA',10,58663.03325788,2214127201351018178,11.134,0.022,10.192,0.020,6.582,0.015,3.906,0.023,663819430,13.923,0.0458,13.041,0.0497,12.316,0.0349,0.487393,18.488415
221.4035615,27.0349078,b'14h45m36.85s',b'27d02m05.67s',0.0316,0.0326,-0.0095,10.919,0.017,63.3,9.326,10.065,0.018,61.6,6.273,1,0,b'0000',b'AA',0,56677.47261510,2214127201351018178,11.134,0.022,10.192,0.020,6.582,0.015,3.906,0.023,663819430,13.923,0.0458,13.041,0.0497,12.316,0.0349,0.488816,19.745112
221.4035791,27.0349019,b'14h45m36.86s',b'27d02m05.65s',0.0299,0.0348,-0.0016,10.933,0.019,58.5,6.169,9.976,0.016,68.4,1.046,1,0,b'h000',b'AA',10,58502.05192858,2214127201351018178,11.134,0.022,10.192,0.020,6.582,0.015,3.906,0.023,663819430,13.923,0.0458,13.041,0.0497,12.316,0.0349,0.49161,26.790001
221.4035288,27.0349165,b'14h45m36.85s',b'27d02m05.70s',0.0310,0.0314,-0.0051,10.894,0.017,63.1,10.580,10.038,0.018,60.3,2.978,1,0,b'h000',b'AA',0,56676.87972883,2214127201351018178,11.134,0.022,10.192,0.020,6.582,0.015,3.906,0.023,663819430,13.923,0.0458,13.041,0.0497,12.316,0.0349,0.495086,6.994056
221.4035467,27.0349139,b'14h45m36.85s',b'27d02m05.69s',0.0340,0.0337,-0.0108,10.839,0.020,53.4,6.431,9.938,0.018,59.1,3.063,1,0,b'h000',b'AA',5,57406.17015605,2214127201351018178,11.134,0.022,10.192,0.020,6.582,0.015,3.906,0.023,663819430,13.923,0.0458,13.041,0.0497,12.316,0.0349,0.496201,13.719578
221.4035466,27.0349141,b'14h45m36.85s',b'27d02m05.69s',0.0298,0.0365,-0.0095,10.877,0.018,60.4,8.423,9.983,0.016,68.0,2.043,1,0,b'h000',b'AA',5,57216.21545775,2214127201351018178,11.134,0.022,10.192,0.020,6.582,0.015,3.906,0.023,663819430,13.923,0.0458,13.041,0.0497,12.316,0.0349,0.496819,13.66396
221.4035582,27.0349114,b'14h45m36.85s',b'27d02m05.68s',0.0308,0.0323,-0.0106,10.898,0.018,61.4,8.894,9.985,0.016,68.9,2.881,1,0,b'h000',b'AA',10,58868.64711892,2214127201351018178,11.134,0.022,10.192,0.020,6.582,0.015,3.906,0.023,663819430,13.923,0.0458,13.041,0.0497,12.316,0.0349,0.497646,18.094102
221.4035883,27.0348997,b'14h45m36.86s',b'27d02m05.64s',0.0320,0.0343,-0.0129,10.900,0.017,65.7,8.366,9.912,0.018,61.4,3.750,1,0,b'h000',b'AA',10,58867.92765900,2214127201351018178,11.134,0.022,10.192,0.020,6.582,0.015,3.906,0.023,663819430,13.923,0.0458,13.041,0.0497,12.316,0.0349,0.498726,30.227548
221.4035825,27.0349026,b'14h45m36.86s',b'27d02m05.65s',0.0327,0.0319,-0.0125,11.013,0.019,58.5,7.126,10.052,0.017,65.0,3.426,1,0,b'h000',b'AA',10,57773.20477069,2214127201351018178,11.134,0.022,10.192,0.020,6.582,0.015,3.906,0.023,663819430,13.923,0.0458,13.041,0.0497,12.316,0.0349,0.49884,27.777416
221.4035823,27.0349041,b'14h45m36.86s',b'27d02m05.65s',0.0308,0.0306,-0.0010,10.877,0.018,61.1,8.725,9.945,0.015,71.0,2.449,1,0,b'h000',b'AA',5,57405.77668025,2214127201351018178,11.134,0.022,10.192,0.020,6.582,0.015,3.906,0.023,663819430,13.923,0.0458,13.041,0.0497,12.316,0.0349,0.503337,27.42635
221.4035483,27.0349161,b'14h45m36.85s',b'27d02m05.70s',0.0306,0.0313,-0.0067,10.943,0.018,60.3,5.447,10.043,0.016,66.4,2.093,1,0,b'h000',b'AA',5,57043.38536477,2214127201351018178,11.134,0.022,10.192,0.020,6.582,0.015,3.906,0.023,663819430,13.923,0.0458,13.041,0.0497,12.316,0.0349,0.505116,14.071876
221.4035591,27.0349135,b'14h45m36.85s',b'27d02m05.69s',0.0324,0.0328,-0.0055,10.910,0.017,63.0,6.862,9.967,0.019,57.4,2.835,1,0,b'h000',b'AA',10,58501.20130995,2214127201351018178,11.134,0.022,10.192,0.020,6.582,0.015,3.906,0.023,663819430,13.923,0.0458,13.041,0.0497,12.316,0.0349,0.505733,18.138884
221.4035518,27.0349160,b'14h45m36.85s',b'27d02m05.70s',0.0358,0.0367,-0.0106,11.064,0.017,62.2,8.415,10.038,0.019,56.4,2.391,1,0,b'h000',b'AA',5,57770.12648149,2214127201351018178,11.134,0.022,10.192,0.020,6.582,0.015,3.906,0.023,663819430,13.923,0.0458,13.041,0.0497,12.316,0.0349,0.507616,15.310625
221.4035590,27.0349141,b'14h45m36.85s',b'27d02m05.69s',0.0286,0.0308,-0.0121,10.932,0.016,69.9,7.089,10.047,0.018,59.3,1.839,1,0,b'h000',b'AA',5,57043.25395170,2214127201351018178,11.134,0.022,10.192,0.020,6.582,0.015,3.906,0.023,663819430,13.923,0.0458,13.041,0.0497,12.316,0.0349,0.507691,18.028602
221.4035521,27.0349167,b'14h45m36.85s',b'27d02m05.70s',0.0312,0.0325,-0.0094,10.894,0.017,63.5,8.436,9.958,0.021,50.5,3.057,1,0,b'h000',b'AA',10,58501.07053372,2214127201351018178,11.134,0.022,10.192,0.020,6.582,0.015,3.906,0.023,663819430,13.923,0.0458,13.041,0.0497,12.316,0.0349,0.510298,15.340091
221.4035798,27.0349077,b'14h45m36.86s',b'27d02m05.67s',0.0330,0.0359,0.0072,10.940,0.018,59.1,10.140,10.094,0.019,57.4,2.339,1,0,b'h000',b'AA',10,58662.90235463,2214127201351018178,11.134,0.022,10.192,0.020,6.582,0.015,3.906,0.023,663819430,13.923,0.0458,13.041,0.0497,12.316,0.0349,0.511316,25.959927
221.4035233,27.0349219,b'14h45m36.85s',b'27d02m05.72s',0.0313,0.0339,-0.0059,10.964,0.020,53.6,8.075,9.998,0.017,64.5,2.544,1,0,b'h000',b'AA',10,58501.52856887,2214127201351018178,11.134,0.022,10.192,0.020,6.582,0.015,3.906,0.023,663819430,13.923,0.0458,13.041,0.0497,12.316,0.0349,0.512617,4.772345
221.4035290,27.0349217,b'14h45m36.85s',b'27d02m05.72s',0.0554,0.0669,-0.0229,,,,,9.981,0.021,52.8,1.430,1,0,b'0000',b'XA',10,58137.55450509,2214127201351018178,11.134,0.022,10.192,0.020,6.582,0.015,3.906,0.023,663819430,13.923,0.0458,13.041,0.0497,12.316,0.0349,0.513749,6.810828
221.4035342,27.0349211,b'14h45m36.85s',b'27d02m05.72s',0.0329,0.0307,-0.0145,10.909,0.020,54.1,7.963,9.902,0.016,67.5,2.296,1,0,b'h000',b'AA',5,57406.03899750,2214127201351018178,11.134,0.022,10.192,0.020,6.582,0.015,3.906,0.023,663819430,13.923,0.0458,13.041,0.0497,12.316,0.0349,0.51385,8.685844
221.4034936,27.0349222,b'14h45m36.84s',b'27d02m05.72s',0.0294,0.0325,0.0018,10.888,0.018,61.9,8.958,9.956,0.016,69.0,2.360,1,0,b'h000',b'AA',5,57215.62499233,2214127201351018178,11.134,0.022,10.192,0.020,6.582,0.015,3.906,0.023,663819430,13.923,0.0458,13.041,0.0497,12.316,0.0349,0.514612,354.134676
221.4035551,27.0349172,b'14h45m36.85s',b'27d02m05.70s',0.0310,0.0358,-0.0126,10.922,0.018,61.0,7.716,9.977,0.017,62.9,1.048,1,0,b'h000',b'AA',10,57934.98809750,2214127201351018178,11.134,0.022,10.192,0.020,6.582,0.015,3.906,0.023,663819430,13.923,0.0458,13.041,0.0497,12.316,0.0349,0.514658,16.319933
221.4035798,27.0349104,b'14h45m36.86s',b'27d02m05.68s',0.0305,0.0318,-0.0117,10.867,0.016,65.9,10.750,9.934,0.016,69.6,4.710,1,0,b'h000',b'AA',10,57405.97341818,2214127201351018178,11.134,0.022,10.192,0.020,6.582,0.015,3.906,0.023,663819430,13.923,0.0458,13.041,0.0497,12.316,0.0349,0.520072,25.491165
221.4035535,27.0349197,b'14h45m36.85s',b'27d02m05.71s',0.0285,0.0317,-0.0038,10.901,0.019,57.9,6.191,9.993,0.015,73.2,1.855,1,0,b'h000',b'AA',10,58137.75086057,2214127201351018178,11.134,0.022,10.192,0.020,6.582,0.015,3.906,0.023,663819430,13.923,0.0458,13.041,0.0497,12.316,0.0349,0.521903,15.501714
221.4035501,27.0349209,b'14h45m36.85s',b'27d02m05.72s',0.0329,0.0340,-0.0137,10.919,0.018,58.7,5.371,9.963,0.019,57.2,3.476,1,0,b'h000',b'AA',5,58137.61995691,2214127201351018178,11.134,0.022,10.192,0.020,6.582,0.015,3.906,0.023,663819430,13.923,0.0458,13.041,0.0497,12.316,0.0349,0.523286,14.224868
221.4035922,27.0349057,b'14h45m36.86s',b'27d02m05.66s',0.0333,0.0292,-0.0076,10.916,0.017,64.8,6.475,9.968,0.016,66.3,2.477,1,0,b'h000',b'AA',10,58137.09634235,2214127201351018178,11.134,0.022,10.192,0.020,6.582,0.015,3.906,0.023,663819430,13.923,0.0458,13.041,0.0497,12.316,0.0349,0.523692,30.220025
221.4035903,27.0349071,b'14h45m36.86s',b'27d02m05.67s',0.0301,0.0324,-0.0132,10.877,0.017,65.5,4.558,9.924,0.015,70.1,2.125,1,0,b'h000',b'AA',10,57405.84225958,2214127201351018178,11.134,0.022,10.192,0.020,6.582,0.015,3.906,0.023,663819430,13.923,0.0458,13.041,0.0497,12.316,0.0349,0.525035,29.368655
221.4035462,27.0349242,b'14h45m36.85s',b'27d02m05.73s',0.0308,0.0284,-0.0092,10.902,0.016,66.4,10.470,9.973,0.016,69.3,4.224,1,0,b'h000',b'AA',10,58868.38556653,2214127201351018178,11.134,0.022,10.192,0.020,6.582,0.015,3.906,0.023,663819430,13.923,0.0458,13.041,0.0497,12.316,0.0349,0.531943,12.6045
221.4035251,27.0349272,b'14h45m36.85s',b'27d02m05.74s',0.0362,0.0377,-0.0087,11.156,0.019,55.7,59.920,10.251,0.018,60.6,26.930,1,0,b'h000',b'AA',0,57770.19193347,2214127201351018178,11.134,0.022,10.192,0.020,6.582,0.015,3.906,0.023,663819430,13.923,0.0458,13.041,0.0497,12.316,0.0349,0.53213,5.220756
221.4035384,27.0349270,b'14h45m36.85s',b'27d02m05.74s',0.0360,0.0376,-0.0129,10.894,0.022,49.8,8.049,9.918,0.020,54.9,3.821,1,0,b'h000',b'AA',10,58501.65934506,2214127201351018178,11.134,0.022,10.192,0.020,6.582,0.015,3.906,0.023,663819430,13.923,0.0458,13.041,0.0497,12.316,0.0349,0.536981,9.764197
221.4035434,27.0349264,b'14h45m36.85s',b'27d02m05.74s',0.0345,0.0357,0.0101,10.922,0.021,52.8,5.735,10.022,0.020,54.1,2.552,1,0,b'h000',b'AA',10,58501.92115229,2214127201351018178,11.134,0.022,10.192,0.020,6.582,0.015,3.906,0.023,663819430,13.923,0.0458,13.041,0.0497,12.316,0.0349,0.537816,11.486828
221.4035583,27.0349233,b'14h45m36.85s',b'27d02m05.72s',0.0340,0.0368,0.0017,10.949,0.022,49.9,6.026,10.054,0.019,57.3,1.990,1,0,b'h000',b'AA',10,57770.06102948,2214127201351018178,11.134,0.022,10.192,0.020,6.582,0.015,3.906,0.023,663819430,13.923,0.0458,13.041,0.0497,12.316,0.0349,0.538632,16.711069
221.4035514,27.0349269,b'14h45m36.85s',b'27d02m05.74s',0.0293,0.0332,-0.0099,10.863,0.017,63.5,9.803,9.965,0.016,67.1,2.194,1,0,b'h000',b'AA',10,58869.03957475,2214127201351018178,11.134,0.022,10.192,0.020,6.582,0.015,3.906,0.023,663819430,13.923,0.0458,13.041,0.0497,12.316,0.0349,0.545247,14.091736
221.4035603,27.0349255,b'14h45m36.85s',b'27d02m05.73s',0.0287,0.0315,-0.0095,10.937,0.017,64.0,9.394,9.989,0.015,72.2,2.319,1,0,b'h000',b'AA',10,58138.07811979,2214127201351018178,11.134,0.022,10.192,0.020,6.582,0.015,3.906,0.023,663819430,13.923,0.0458,13.041,0.0497,12.316,0.0349,0.548073,17.115127
221.4035838,27.0349175,b'14h45m36.86s',b'27d02m05.70s',0.0309,0.0336,-0.0128,10.908,0.017,63.7,7.579,9.980,0.016,67.3,4.659,1,0,b'h000',b'AA',10,58868.25466309,2214127201351018178,11.134,0.022,10.192,0.020,6.582,0.015,3.906,0.023,663819430,13.923,0.0458,13.041,0.0497,12.316,0.0349,0.548659,25.551477
221.4035396,27.0349329,b'14h45m36.85s',b'27d02m05.76s',0.0351,0.0330,0.0078,11.042,0.021,52.1,12.740,10.045,0.016,66.4,3.240,1,0,b'h000',b'AA',10,57769.66806285,2214127201351018178,11.134,0.022,10.192,0.020,6.582,0.015,3.906,0.023,663819430,13.923,0.0458,13.041,0.0497,12.316,0.0349,0.558564,9.78369
221.4035758,27.0349238,b'14h45m36.86s',b'27d02m05.73s',0.0275,0.0342,-0.0038,10.925,0.018,61.7,7.913,10.018,0.016,66.6,3.550,1,0,b'h000',b'AA',10,58501.72479687,2214127201351018178,11.134,0.022,10.192,0.020,6.582,0.015,3.906,0.023,663819430,13.923,0.0458,13.041,0.0497,12.316,0.0349,0.559029,22.174826
221.4035395,27.0349340,b'14h45m36.85s',b'27d02m05.76s',0.0305,0.0297,-0.0091,10.839,0.019,57.2,6.711,9.940,0.016,67.0,2.772,1,0,b'h000',b'AA',5,57405.77680762,2214127201351018178,11.134,0.022,10.192,0.020,6.582,0.015,3.906,0.023,663819430,13.923,0.0458,13.041,0.0497,12.316,0.0349,0.562416,9.682944
221.4035908,27.0349198,b'14h45m36.86s',b'27d02m05.71s',0.0316,0.0347,-0.0121,10.918,0.017,65.5,8.232,9.966,0.017,62.1,2.545,1,0,b'h000',b'AA',10,58501.39766528,2214127201351018178,11.134,0.022,10.192,0.020,6.582,0.015,3.906,0.023,663819430,13.923,0.0458,13.041,0.0497,12.316,0.0349,0.566057,27.240027
221.4034835,27.0349389,b'14h45m36.84s',b'27d02m05.78s',0.0375,0.0358,-0.0065,11.001,0.018,59.0,8.608,10.029,0.023,46.4,1.692,1,0,b'h000',b'AA',5,57770.25751281,2214127201351018178,11.134,0.022,10.192,0.020,6.582,0.015,3.906,0.023,663819430,13.923,0.0458,13.041,0.0497,12.316,0.0349,0.578316,351.550595
221.4035434,27.0349478,b'14h45m36.85s',b'27d02m05.81s',0.0343,0.0362,-0.0120,11.003,0.020,53.6,14.400,10.013,0.017,65.5,6.441,1,0,b'h000',b'AA',5,57574.63765108,2214127201351018178,11.134,0.022,10.192,0.020,6.582,0.015,3.906,0.023,663819430,13.923,0.0458,13.041,0.0497,12.316,0.0349,0.613502,10.053869
221.4035841,27.0349529,b'14h45m36.86s',b'27d02m05.83s',0.0289,0.0321,-0.0031,10.894,0.018,59.1,9.266,10.009,0.016,67.7,7.008,1,0,b'h000',b'AA',0,58868.71257061,2214127201351018178,11.134,0.022,10.192,0.020,6.582,0.015,3.906,0.023,663819430,13.923,0.0458,13.041,0.0497,12.316,0.0349,0.666252,20.893912
221.4036243,27.0349604,b'14h45m36.87s',b'27d02m05.86s',0.0318,0.0365,-0.0113,10.995,0.018,59.7,27.000,10.116,0.018,59.1,12.780,1,0,b'h000',b'AA',0,57770.78138341,2214127201351018178,11.134,0.022,10.192,0.020,6.582,0.015,3.906,0.023,663819430,13.923,0.0458,13.041,0.0497,12.316,0.0349,0.745729,29.438595
221.4035169,27.0349978,b'14h45m36.84s',b'27d02m05.99s',0.0346,0.0339,0.0115,11.026,0.019,58.2,50.680,10.224,0.018,60.1,50.680,1,0,b'h000',b'AA',0,57770.32296479,2214127201351018178,11.134,0.022,10.192,0.020,6.582,0.015,3.906,0.023,663819430,13.923,0.0458,13.041,0.0497,12.316,0.0349,0.784391,1.616383
221.4035081,27.0350300,b'14h45m36.84s',b'27d02m06.11s',0.0323,0.0419,-0.0096,11.096,0.020,55.5,73.300,10.199,0.018,60.1,49.960,1,0,b'h000',b'AA',0,57938.32702262,2214127201351018178,11.134,0.022,10.192,0.020,6.582,0.015,3.906,0.023,663819430,13.923,0.0458,13.041,0.0497,12.316,0.0349,0.90002,359.61214
221.4032948,27.0350854,b'14h45m36.79s',b'27d02m06.31s',0.0349,0.0364,-0.0144,11.176,0.018,60.7,72.770,10.296,0.017,62.6,64.970,1,0,b'h000',b'AA',0,58868.18882935,2214127201351018178,11.134,0.022,10.192,0.020,6.582,0.015,3.906,0.023,663819430,13.923,0.0458,13.041,0.0497,12.316,0.0349,1.298061,327.885519
221.4028626,27.0346886,b'14h45m36.69s',b'27d02m04.88s',0.1017,0.1170,0.0372,13.781,0.049,22.3,13.510,12.424,0.057,19.2,8.837,2,0,b'h000',b'AA',0,57770.65047942,2214127201351018178,11.134,0.022,10.192,0.020,6.582,0.015,3.906,0.023,663819430,13.923,0.0458,13.041,0.0497,12.316,0.0349,2.101887,260.993737
221.4053062,27.0335348,b'14h45m37.27s',b'27d02m00.73s',0.9768,1.8519,-0.9174,,,,,13.904,0.532,2.0,0.529,1,0,b'0000',b'XC',10,58137.55450509,,,,,,,,,,,,,,,,,7.298621,127.89248
221.4007222,27.0348923,b'14h45m36.17s',b'27d02m05.61s',1.2829,1.2675,-0.1612,,,,,14.576,0.327,3.3,1.416,1,0,b'0000',b'XB',10,58137.55450509,,,,,,,,,,,,,,,,,8.948578,272.590031
221.4027313,27.0373241,b'14h45m36.66s',b'27d02m14.37s',0.9700,1.1899,-0.2846,,,,,14.135,0.314,3.5,2.183,1,0,b'0000',b'XB',10,58137.55450509,,,,,,,,,,,,,,,,,9.493038,344.750116
221.4020291,27.0324015,b'14h45m36.49s',b'27d01m56.65s',0.5751,0.7206,0.1936,12.177,0.465,2.3,2.084,14.132,0.181,6.0,0.928,1,0,b'h000',b'CB',10,58137.55450509,,,,,,,,,,,,,,,,,9.791258,209.012738
