ra,dec,clon,clat,sigra,sigdec,sigradec,w1mpro,w1sigmpro,w1snr,w1rchi2,w2mpro,w2sigmpro,w2snr,w2rchi2,nb,na,cc_flags,ph_qual,qual_frame,mjd,allwise_cntr,w1mpro_allwise,w1sigmpro_allwise,w2mpro_allwise,w2sigmpro_allwise,w3mpro_allwise,w3sigmpro_allwise,w4mpro_allwise,w4sigmpro_allwise,tmass_key,j_m_2mass,j_msig_2mass,h_m_2mass,h_msig_2mass,k_m_2mass,k_msig_2mass,dist,angle
4.3230034,35.7148468,b'00h17m17.52s',b'35d42m53.45s',0.1930,0.1848,-0.0811,14.354,0.068,16.0,1.085,13.548,0.112,9.7,0.448,1,0,b'0000',b'AB',10,56663.35362191,37136301351000113,14.308,0.027,13.488,0.033,10.326,0.066,8.236,0.222,,,,,,,,0.0485,168.187747
4.3230211,35.7148610,b'00h17m17.53s',b'35d42m53.50s',0.1683,0.1856,-0.0573,14.417,0.068,15.9,1.067,13.523,0.143,7.6,0.588,1,0,b'0000',b'AB',10,58311.83237645,37136301351000113,14.308,0.027,13.488,0.033,10.326,0.066,8.236,0.222,,,,,,,,0.061778,86.659367
4.3229900,35.7148769,b'00h17m17.52s',b'35d42m53.56s',0.2262,0.2454,-0.0890,14.551,0.087,12.4,0.879,13.689,0.111,9.8,1.166,1,0,b'0000',b'AB',10,56852.31232600,37136301351000113,14.308,0.027,13.488,0.033,10.326,0.066,8.236,0.222,,,,,,,,0.067479,334.338829
4.3230213,35.7148711,b'00h17m17.53s',b'35d42m53.54s',0.2153,0.2050,-0.1046,14.464,0.078,13.9,1.109,13.556,0.113,9.6,0.637,1,0,b'0000',b'AB',10,58836.96898162,37136301351000113,14.308,0.027,13.488,0.033,10.326,0.066,8.236,0.222,,,,,,,,0.073958,57.30621
4.3230224,35.7148503,b'00h17m17.53s',b'35d42m53.46s',0.1901,0.1728,0.0261,14.240,0.070,15.4,0.305,13.549,0.101,10.7,0.701,1,0,b'0000',b'AA',10,57389.62876128,37136301351000113,14.308,0.027,13.488,0.033,10.326,0.066,8.236,0.222,,,,,,,,0.074213,118.072766
4.3229963,35.7148354,b'00h17m17.52s',b'35d42m53.41s',0.2694,0.2485,0.0970,14.444,0.105,10.3,0.963,13.388,0.126,8.6,0.939,1,0,b'0000',b'AB',5,59040.51447422,37136301351000113,14.308,0.027,13.488,0.033,10.326,0.066,8.236,0.222,,,,,,,,0.08924,186.962481
4.3229937,35.7148352,b'00h17m17.52s',b'35d42m53.41s',0.1765,0.1722,-0.0588,14.447,0.068,15.9,0.602,13.413,0.093,11.7,0.646,1,0,b'0000',b'AA',10,58109.71507644,37136301351000113,14.308,0.027,13.488,0.033,10.326,0.066,8.236,0.222,,,,,,,,0.091177,191.654227
4.3229918,35.7148865,b'00h17m17.52s',b'35d42m53.59s',0.1914,0.1840,-0.0559,14.416,0.071,15.4,0.845,13.516,0.106,10.3,0.596,1,0,b'0000',b'AA',10,57030.09380446,37136301351000113,14.308,0.027,13.488,0.033,10.326,0.066,8.236,0.222,,,,,,,,0.098355,345.896946
4.3230323,35.7148467,b'00h17m17.53s',b'35d42m53.45s',0.1827,0.1834,-0.0619,14.526,0.072,15.0,0.989,13.642,0.097,11.2,0.282,1,0,b'0000',b'AA',5,58472.71883333,37136301351000113,14.308,0.027,13.488,0.033,10.326,0.066,8.236,0.222,,,,,,,,0.105849,116.891458
4.3229624,35.7148626,b'00h17m17.51s',b'35d42m53.51s',0.1868,0.1879,-0.0545,14.413,0.067,16.3,0.434,13.607,0.114,9.5,0.439,1,0,b'0000',b'AB',10,58109.58417296,37136301351000113,14.308,0.027,13.488,0.033,10.326,0.066,8.236,0.222,,,,,,,,0.110307,274.867911
4.3230335,35.7148771,b'00h17m17.53s',b'35d42m53.56s',0.1780,0.1583,-0.0377,14.335,0.058,18.7,0.768,13.506,0.099,11.0,0.808,1,0,b'0000',b'AA',10,57389.56318198,37136301351000113,14.308,0.027,13.488,0.033,10.326,0.066,8.236,0.222,,,,,,,,0.115658,57.84312
4.3230407,35.7148512,b'00h17m17.53s',b'35d42m53.46s',0.1997,0.1893,-0.0699,14.430,0.070,15.5,1.629,13.610,0.127,8.5,1.290,1,0,b'0000',b'AB',5,56663.22182686,37136301351000113,14.308,0.027,13.488,0.033,10.326,0.066,8.236,0.222,,,,,,,,0.123097,104.911702
4.3229721,35.7148863,b'00h17m17.51s',b'35d42m53.59s',0.2557,0.1917,-0.0978,14.329,0.070,15.5,0.604,13.647,0.182,6.0,1.267,1,0,b'0000',b'AB',5,58676.06971677,37136301351000113,14.308,0.027,13.488,0.033,10.326,0.066,8.236,0.222,,,,,,,,0.124963,319.260795
4.3230050,35.7148945,b'00h17m17.52s',b'35d42m53.62s',0.2483,0.2271,-0.0363,14.498,0.084,12.9,0.540,13.888,0.170,6.4,0.844,1,0,b'0000',b'AB',10,58311.89782811,37136301351000113,14.308,0.027,13.488,0.033,10.326,0.066,8.236,0.222,,,,,,,,0.125039,6.711205
4.3230432,35.7148604,b'00h17m17.53s',b'35d42m53.50s',0.2715,0.2757,0.0755,14.567,0.097,11.2,0.496,13.431,0.146,7.4,0.686,1,0,b'0000',b'AB',0,59043.78463411,37136301351000113,14.308,0.027,13.488,0.033,10.326,0.066,8.236,0.222,,,,,,,,0.126279,89.346616
4.3230270,35.7148325,b'00h17m17.53s',b'35d42m53.40s',0.2241,0.2127,-0.0828,14.420,0.076,14.3,0.447,13.777,0.142,7.7,0.693,1,0,b'0000',b'AB',10,58473.17674155,37136301351000113,14.308,0.027,13.488,0.033,10.326,0.066,8.236,0.222,,,,,,,,0.126615,141.439194
4.3230423,35.7148464,b'00h17m17.53s',b'35d42m53.45s',0.2349,0.2063,-0.0736,14.680,0.081,13.3,1.545,13.593,0.103,10.5,0.334,1,0,b'0000',b'AA',5,57944.36996564,37136301351000113,14.308,0.027,13.488,0.033,10.326,0.066,8.236,0.222,,,,,,,,0.132984,111.602812
4.3230438,35.7148716,b'00h17m17.53s',b'35d42m53.54s',0.1832,0.1723,-0.0677,14.305,0.071,15.3,0.823,13.601,0.148,7.3,0.645,1,0,b'0000',b'AB',5,56851.72033345,37136301351000113,14.308,0.027,13.488,0.033,10.326,0.066,8.236,0.222,,,,,,,,0.134678,71.934431
4.3229634,35.7148350,b'00h17m17.51s',b'35d42m53.41s',0.2114,0.1909,-0.0549,14.436,0.063,17.2,1.184,14.308,0.333,3.3,0.798,1,0,b'0000',b'AB',5,57216.69450164,37136301351000113,14.308,0.027,13.488,0.033,10.326,0.066,8.236,0.222,,,,,,,,0.139806,229.926874
4.3229662,35.7148310,b'00h17m17.51s',b'35d42m53.39s',0.1740,0.1678,-0.0237,14.378,0.069,15.7,0.859,13.413,0.111,9.8,0.585,1,0,b'0000',b'AB',10,57581.07788808,37136301351000113,14.308,0.027,13.488,0.033,10.326,0.066,8.236,0.222,,,,,,,,0.143737,223.420211
4.3229996,35.7149009,b'00h17m17.52s',b'35d42m53.64s',0.1707,0.1877,-0.0730,14.402,0.067,16.3,0.997,13.596,0.105,10.4,0.818,1,0,b'0000',b'AA',5,57581.20891861,37136301351000113,14.308,0.027,13.488,0.033,10.326,0.066,8.236,0.222,,,,,,,,0.147244,359.545044
4.3230470,35.7148452,b'00h17m17.53s',b'35d42m53.44s',0.1912,0.1566,-0.0384,14.169,0.056,19.5,0.692,13.616,0.214,5.1,0.730,1,0,b'0000',b'AB',10,56666.71382128,37136301351000113,14.308,0.027,13.488,0.033,10.326,0.066,8.236,0.222,,,,,,,,0.14734,111.197892
4.3230487,35.7148494,b'00h17m17.53s',b'35d42m53.46s',0.1715,0.1718,-0.0877,14.447,0.065,16.8,0.325,13.451,0.095,11.4,0.973,1,0,b'0000',b'AA',5,58472.91506190,37136301351000113,14.308,0.027,13.488,0.033,10.326,0.066,8.236,0.222,,,,,,,,0.147372,105.006738
4.3229544,35.7148794,b'00h17m17.51s',b'35d42m53.57s',0.2083,0.2319,-0.0640,14.471,0.074,14.7,1.226,13.616,0.109,9.9,0.868,1,0,b'0000',b'AB',5,58837.03430602,37136301351000113,14.308,0.027,13.488,0.033,10.326,0.066,8.236,0.222,,,,,,,,0.15048,297.653788
4.3229781,35.7148217,b'00h17m17.51s',b'35d42m53.36s',0.1881,0.1776,-0.0784,14.264,0.066,16.5,1.269,13.965,0.184,5.9,0.976,1,0,b'0000',b'AB',10,58676.72385068,37136301351000113,14.308,0.027,13.488,0.033,10.326,0.066,8.236,0.222,,,,,,,,0.15201,204.903761
4.3230483,35.7148422,b'00h17m17.53s',b'35d42m53.43s',0.2240,0.2199,-0.0936,14.503,0.075,14.5,0.783,13.750,0.150,7.2,0.729,1,0,b'0000',b'AB',10,58114.88627542,37136301351000113,14.308,0.027,13.488,0.033,10.326,0.066,8.236,0.222,,,,,,,,0.155026,114.412931
4.3229786,35.7148150,b'00h17m17.51s',b'35d42m53.33s',0.2339,0.2016,-0.0450,14.536,0.071,15.3,0.756,14.057,0.187,5.8,0.509,1,0,b'0000',b'AB',10,57944.82825488,37136301351000113,14.308,0.027,13.488,0.033,10.326,0.066,8.236,0.222,,,,,,,,0.173651,201.112526
4.3230561,35.7148435,b'00h17m17.53s',b'35d42m53.44s',0.1994,0.1879,0.0521,14.332,0.074,14.6,1.991,13.617,0.145,7.5,0.799,1,0,b'0000',b'AB',10,56665.72554981,37136301351000113,14.308,0.027,13.488,0.033,10.326,0.066,8.236,0.222,,,,,,,,0.174411,109.912603
4.3230551,35.7148837,b'00h17m17.53s',b'35d42m53.58s',0.1827,0.1833,-0.0826,14.285,0.069,15.8,1.057,13.755,0.164,6.6,0.771,1,0,b'0000',b'AB',10,58473.04596541,37136301351000113,14.308,0.027,13.488,0.033,10.326,0.066,8.236,0.222,,,,,,,,0.182251,62.087245
4.3230627,35.7148467,b'00h17m17.54s',b'35d42m53.45s',0.1856,0.2053,-0.0930,14.532,0.082,13.3,0.750,13.505,0.128,8.5,0.509,1,0,b'0000',b'AB',10,57389.16983375,37136301351000113,14.308,0.027,13.488,0.033,10.326,0.066,8.236,0.222,,,,,,,,0.189419,104.641521
4.3230610,35.7148802,b'00h17m17.53s',b'35d42m53.57s',0.1797,0.1853,-0.0398,14.421,0.085,12.7,0.790,13.527,0.095,11.4,0.736,1,0,b'0000',b'AA',10,56851.78616700,37136301351000113,14.308,0.027,13.488,0.033,10.326,0.066,8.236,0.222,,,,,,,,0.19256,67.811827
4.3229349,35.7148735,b'00h17m17.50s',b'35d42m53.54s',0.1672,0.1587,-0.0460,14.232,0.057,19.2,1.743,13.468,0.100,10.9,0.462,1,0,b'0000',b'AA',10,56663.81484064,37136301351000113,14.308,0.027,13.488,0.033,10.326,0.066,8.236,0.222,,,,,,,,0.196397,284.327473
4.3230678,35.7148618,b'00h17m17.54s',b'35d42m53.50s',0.1910,0.1695,-0.0384,14.341,0.061,17.7,1.146,13.710,0.151,7.2,0.849,1,0,b'0000',b'AB',10,57580.35715561,37136301351000113,14.308,0.027,13.488,0.033,10.326,0.066,8.236,0.222,,,,,,,,0.198288,88.127182
4.3230661,35.7148468,b'00h17m17.54s',b'35d42m53.45s',0.1922,0.1673,-0.0695,14.471,0.065,16.6,1.529,13.566,0.104,10.4,1.084,1,0,b'0000',b'AA',10,58109.64962465,37136301351000113,14.308,0.027,13.488,0.033,10.326,0.066,8.236,0.222,,,,,,,,0.198954,103.817798
4.3230698,35.7148609,b'00h17m17.54s',b'35d42m53.50s',0.1958,0.1699,-0.0255,14.326,0.061,17.8,1.408,13.743,0.113,9.6,0.927,1,0,b'0000',b'AB',10,57216.10403689,37136301351000113,14.308,0.027,13.488,0.033,10.326,0.066,8.236,0.222,,,,,,,,0.204041,89.090164
4.3230685,35.7148731,b'00h17m17.54s',b'35d42m53.54s',0.1815,0.1730,-0.0708,14.463,0.065,16.8,0.835,13.554,0.114,9.5,0.752,1,0,b'0000',b'AB',5,58472.58792986,37136301351000113,14.308,0.027,13.488,0.033,10.326,0.066,8.236,0.222,,,,,,,,0.205701,76.746219
4.3230655,35.7148816,b'00h17m17.54s',b'35d42m53.57s',0.1794,0.1679,-0.0548,14.379,0.060,18.0,0.655,13.657,0.115,9.4,0.609,1,0,b'0000',b'AB',10,57390.02210964,37136301351000113,14.308,0.027,13.488,0.033,10.326,0.066,8.236,0.222,,,,,,,,0.20664,67.89516
4.3230134,35.7149167,b'00h17m17.52s',b'35d42m53.70s',0.2839,0.2703,-0.1104,14.525,0.112,9.7,0.731,13.584,0.132,8.2,0.813,1,0,b'0000',b'BB',10,57749.34447334,37136301351000113,14.308,0.027,13.488,0.033,10.326,0.066,8.236,0.222,,,,,,,,0.207848,10.862174
4.3230716,35.7148657,b'00h17m17.54s',b'35d42m53.52s',0.1797,0.1631,-0.0607,14.356,0.062,17.7,1.691,13.593,0.096,11.3,1.111,1,0,b'0000',b'AA',10,58837.68844091,37136301351000113,14.308,0.027,13.488,0.033,10.326,0.066,8.236,0.222,,,,,,,,0.210288,84.400098
4.3230056,35.7147993,b'00h17m17.52s',b'35d42m53.28s',0.3027,0.2494,-0.1573,14.367,0.097,11.2,0.860,13.503,0.118,9.2,0.800,1,0,b'0000',b'AB',10,57748.36193156,37136301351000113,14.308,0.027,13.488,0.033,10.326,0.066,8.236,0.222,,,,,,,,0.219132,175.716175
4.3230764,35.7148524,b'00h17m17.54s',b'35d42m53.47s',0.2014,0.1606,-0.0321,14.380,0.080,13.6,1.034,13.333,0.103,10.6,0.898,1,0,b'0000',b'AA',5,58473.56945203,37136301351000113,14.308,0.027,13.488,0.033,10.326,0.066,8.236,0.222,,,,,,,,0.224981,96.98494
4.3230495,35.7149082,b'00h17m17.53s',b'35d42m53.67s',0.1783,0.1879,-0.0868,14.482,0.071,15.3,0.922,13.481,0.088,12.3,1.015,1,0,b'0000',b'AA',5,57216.76008051,37136301351000113,14.308,0.027,13.488,0.033,10.326,0.066,8.236,0.222,,,,,,,,0.225924,39.822363
4.3230719,35.7148349,b'00h17m17.54s',b'35d42m53.41s',0.1879,0.2175,-0.0937,14.374,0.097,11.2,0.844,13.525,0.109,10.0,0.744,1,0,b'0000',b'AA',10,56663.28778804,37136301351000113,14.308,0.027,13.488,0.033,10.326,0.066,8.236,0.222,,,,,,,,0.228771,113.265604
4.3230543,35.7149058,b'00h17m17.53s',b'35d42m53.66s',0.1929,0.2221,-0.0581,14.457,0.086,12.6,0.651,13.562,0.126,8.6,1.094,1,0,b'0000',b'AB',10,58109.12601073,37136301351000113,14.308,0.027,13.488,0.033,10.326,0.066,8.236,0.222,,,,,,,,0.228853,43.908802
4.3230474,35.7148086,b'00h17m17.53s',b'35d42m53.31s',0.2487,0.2184,-0.1161,14.398,0.086,12.7,1.315,13.686,0.111,9.8,1.326,1,0,b'0000',b'AB',5,57216.49763757,37136301351000113,14.308,0.027,13.488,0.033,10.326,0.066,8.236,0.222,,,,,,,,0.231153,143.176062
4.3230163,35.7149239,b'00h17m17.52s',b'35d42m53.73s',0.2589,0.2671,-0.1446,14.325,0.101,10.8,0.936,13.751,0.142,7.7,0.581,1,0,b'0000',b'AB',10,59040.05669520,37136301351000113,14.308,0.027,13.488,0.033,10.326,0.066,8.236,0.222,,,,,,,,0.234923,11.701229
4.3230360,35.7148014,b'00h17m17.53s',b'35d42m53.29s',0.2319,0.2080,-0.0987,14.353,0.071,15.4,0.993,13.526,0.262,4.1,0.761,1,0,b'0000',b'AB',5,59043.65385823,37136301351000113,14.308,0.027,13.488,0.033,10.326,0.066,8.236,0.222,,,,,,,,0.235746,153.490056
4.3230727,35.7148962,b'00h17m17.54s',b'35d42m53.63s',0.1870,0.1734,-0.0856,14.351,0.063,17.3,1.370,13.740,0.139,7.8,1.141,1,0,b'0000',b'AB',10,58311.89770132,37136301351000113,14.308,0.027,13.488,0.033,10.326,0.066,8.236,0.222,,,,,,,,0.249283,58.480274
4.3230687,35.7149022,b'00h17m17.54s',b'35d42m53.65s',0.1880,0.1729,-0.0843,14.261,0.060,18.1,0.811,13.906,0.155,7.0,0.595,1,0,b'0000',b'AB',10,58473.30764501,37136301351000113,14.308,0.027,13.488,0.033,10.326,0.066,8.236,0.222,,,,,,,,0.251809,52.890751
4.3230858,35.7148448,b'00h17m17.54s',b'35d42m53.44s',0.1608,0.1655,-0.0589,14.411,0.063,17.2,1.298,13.545,0.091,11.9,0.501,1,0,b'0000',b'AA',10,57030.42233708,37136301351000113,14.308,0.027,13.488,0.033,10.326,0.066,8.236,0.222,,,,,,,,0.256695,102.308484
4.3230892,35.7148550,b'00h17m17.54s',b'35d42m53.48s',0.1691,0.1654,-0.0748,14.397,0.064,17.0,0.986,13.640,0.113,9.6,1.091,1,0,b'0000',b'AB',10,58472.45702635,37136301351000113,14.308,0.027,13.488,0.033,10.326,0.066,8.236,0.222,,,,,,,,0.261345,93.949268
4.3230825,35.7148291,b'00h17m17.54s',b'35d42m53.38s',0.2323,0.2008,-0.0981,14.448,0.077,14.2,0.415,13.623,0.117,9.3,0.557,1,0,b'0000',b'AB',5,58312.09405626,37136301351000113,14.308,0.027,13.488,0.033,10.326,0.066,8.236,0.222,,,,,,,,0.265558,114.763915
4.3230730,35.7149053,b'00h17m17.54s',b'35d42m53.66s',0.2973,0.2612,-0.0884,14.565,0.093,11.7,0.307,13.686,0.192,5.7,0.600,1,0,b'0000',b'AB',5,57945.09005557,37136301351000113,14.308,0.027,13.488,0.033,10.326,0.066,8.236,0.222,,,,,,,,0.268565,52.609817
4.3230863,35.7148858,b'00h17m17.54s',b'35d42m53.59s',0.1744,0.1552,-0.0583,14.337,0.058,18.8,0.657,13.709,0.105,10.3,0.677,1,0,b'0000',b'AA',10,57389.69434053,37136301351000113,14.308,0.027,13.488,0.033,10.326,0.066,8.236,0.222,,,,,,,,0.268811,69.786035
4.3230913,35.7148498,b'00h17m17.54s',b'35d42m53.46s',0.2227,0.2736,-0.0723,14.496,0.085,12.8,1.147,13.740,0.140,7.7,0.956,1,0,b'0000',b'AB',10,58312.42118704,37136301351000113,14.308,0.027,13.488,0.033,10.326,0.066,8.236,0.222,,,,,,,,0.269373,97.834516
4.3230924,35.7148678,b'00h17m17.54s',b'35d42m53.52s',0.1997,0.1868,-0.0869,14.502,0.065,16.7,1.057,13.994,0.185,5.9,0.336,1,0,b'0000',b'AB',5,58109.45326940,37136301351000113,14.308,0.027,13.488,0.033,10.326,0.066,8.236,0.222,,,,,,,,0.271539,84.064327
4.3230623,35.7148038,b'00h17m17.53s',b'35d42m53.29s',0.2022,0.1796,0.0772,14.310,0.069,15.7,0.670,13.683,0.108,10.1,0.838,1,0,b'0000',b'AA',10,57215.97287904,37136301351000113,14.308,0.027,13.488,0.033,10.326,0.066,8.236,0.222,,,,,,,,0.272199,138.010859
4.3230822,35.7148978,b'00h17m17.54s',b'35d42m53.63s',0.2068,0.2109,0.0348,14.386,0.075,14.5,1.400,13.633,0.116,9.4,0.392,1,0,b'0000',b'AB',10,57748.49296260,37136301351000113,14.308,0.027,13.488,0.033,10.326,0.066,8.236,0.222,,,,,,,,0.276127,60.474056
4.3230635,35.7149181,b'00h17m17.54s',b'35d42m53.71s',0.1917,0.1946,-0.0472,14.456,0.069,15.8,1.155,13.634,0.122,8.9,0.756,1,0,b'0000',b'AB',10,57030.29092397,37136301351000113,14.308,0.027,13.488,0.033,10.326,0.066,8.236,0.222,,,,,,,,0.279646,41.585684
4.3230563,35.7147962,b'00h17m17.53s',b'35d42m53.27s',0.1764,0.2079,-0.0611,14.507,0.080,13.5,0.953,13.600,0.115,9.5,0.697,1,0,b'0000',b'AB',10,56666.31856363,37136301351000113,14.308,0.027,13.488,0.033,10.326,0.066,8.236,0.222,,,,,,,,0.282553,144.378921
4.3230899,35.7148899,b'00h17m17.54s',b'35d42m53.60s',0.1715,0.1598,-0.0461,14.373,0.063,17.2,0.570,13.540,0.088,12.3,1.021,1,0,b'0000',b'AA',10,57389.49760267,37136301351000113,14.308,0.027,13.488,0.033,10.326,0.066,8.236,0.222,,,,,,,,0.28397,67.724492
4.3230753,35.7148096,b'00h17m17.54s',b'35d42m53.31s',0.2025,0.2223,-0.0423,14.386,0.082,13.2,1.483,13.527,0.109,10.0,0.566,1,0,b'0000',b'AA',10,58311.43966668,37136301351000113,14.308,0.027,13.488,0.033,10.326,0.066,8.236,0.222,,,,,,,,0.285248,129.500704
4.3230966,35.7148751,b'00h17m17.54s',b'35d42m53.55s',0.2069,0.2059,-0.0743,14.712,0.085,12.8,1.076,13.293,0.089,12.2,1.060,1,0,b'0000',b'AA',10,57945.48289234,37136301351000113,14.308,0.027,13.488,0.033,10.326,0.066,8.236,0.222,,,,,,,,0.28754,79.10261
4.3230833,35.7149031,b'00h17m17.54s',b'35d42m53.65s',0.1914,0.2037,0.0584,14.317,0.070,15.6,0.775,13.433,0.129,8.4,0.428,1,0,b'0000',b'AB',10,56665.85734482,37136301351000113,14.308,0.027,13.488,0.033,10.326,0.066,8.236,0.222,,,,,,,,0.288721,57.492484
4.3230978,35.7148714,b'00h17m17.54s',b'35d42m53.54s',0.1762,0.1819,-0.0399,14.407,0.063,17.2,0.734,13.643,0.146,7.4,0.575,1,0,b'0000',b'AB',10,56663.09015918,37136301351000113,14.308,0.027,13.488,0.033,10.326,0.066,8.236,0.222,,,,,,,,0.288803,81.830169
4.3230275,35.7149386,b'00h17m17.53s',b'35d42m53.78s',0.1667,0.1689,-0.0772,14.377,0.064,16.9,1.073,13.539,0.104,10.4,0.643,1,0,b'0000',b'AA',10,58312.22495947,37136301351000113,14.308,0.027,13.488,0.033,10.326,0.066,8.236,0.222,,,,,,,,0.29415,15.858399
4.3230996,35.7148459,b'00h17m17.54s',b'35d42m53.45s',0.1825,0.1759,-0.0571,14.363,0.064,17.1,1.057,13.514,0.137,7.9,0.697,1,0,b'0000',b'AB',10,58472.84960953,37136301351000113,14.308,0.027,13.488,0.033,10.326,0.066,8.236,0.222,,,,,,,,0.295512,99.89048
4.3230481,35.7149330,b'00h17m17.53s',b'35d42m53.76s',0.1873,0.1728,-0.0889,14.305,0.061,17.8,0.600,13.606,0.114,9.5,0.538,1,0,b'0000',b'AB',10,57216.36647978,37136301351000113,14.308,0.027,13.488,0.033,10.326,0.066,8.236,0.222,,,,,,,,0.298043,28.146107
4.3231021,35.7148425,b'00h17m17.54s',b'35d42m53.43s',0.1867,0.1590,-0.0514,14.300,0.059,18.5,0.906,13.581,0.108,10.0,0.647,1,0,b'0000',b'AA',10,56663.48541682,37136301351000113,14.308,0.027,13.488,0.033,10.326,0.066,8.236,0.222,,,,,,,,0.305014,101.920214
4.3231036,35.7148448,b'00h17m17.54s',b'35d42m53.44s',0.2224,0.2203,0.0061,14.488,0.073,14.8,0.969,13.630,0.159,6.8,0.603,1,0,b'0000',b'AB',5,57580.75024734,37136301351000113,14.308,0.027,13.488,0.033,10.326,0.066,8.236,0.222,,,,,,,,0.307727,100.242923
4.3230691,35.7147951,b'00h17m17.54s',b'35d42m53.26s',0.2072,0.2154,-0.0824,14.534,0.072,15.1,1.255,13.829,0.130,8.4,0.802,1,0,b'0000',b'AB',5,56851.98341296,37136301351000113,14.308,0.027,13.488,0.033,10.326,0.066,8.236,0.222,,,,,,,,0.308846,139.157331
4.3231036,35.7148801,b'00h17m17.54s',b'35d42m53.57s',0.1964,0.1785,-0.0677,14.462,0.068,16.0,1.160,13.567,0.117,9.3,0.800,1,0,b'0000',b'AB',10,58311.70147318,37136301351000113,14.308,0.027,13.488,0.033,10.326,0.066,8.236,0.222,,,,,,,,0.311344,76.56084800000001
4.3231071,35.7148564,b'00h17m17.55s',b'35d42m53.48s',0.2344,0.2261,0.0286,14.362,0.092,11.8,0.964,13.438,0.123,8.8,0.599,1,0,b'0000',b'AB',10,58675.61181015,37136301351000113,14.308,0.027,13.488,0.033,10.326,0.066,8.236,0.222,,,,,,,,0.31331,92.370622
4.3230646,35.7147898,b'00h17m17.54s',b'35d42m53.24s',0.2154,0.1938,-0.0412,14.539,0.069,15.7,0.592,13.695,0.161,6.7,0.769,1,0,b'0000',b'AB',10,57030.55375014,37136301351000113,14.308,0.027,13.488,0.033,10.326,0.066,8.236,0.222,,,,,,,,0.315473,143.234257
4.3231042,35.7148833,b'00h17m17.55s',b'35d42m53.58s',0.1898,0.1916,-0.0717,14.451,0.070,15.5,1.025,13.684,0.111,9.7,0.446,1,0,b'0000',b'AB',10,57580.48818619,37136301351000113,14.308,0.027,13.488,0.033,10.326,0.066,8.236,0.222,,,,,,,,0.315907,74.602259
4.3231085,35.7148572,b'00h17m17.55s',b'35d42m53.49s',0.1619,0.1623,-0.0438,14.302,0.059,18.6,0.724,13.714,0.124,8.7,0.730,1,0,b'0000',b'AB',10,56851.58879368,37136301351000113,14.308,0.027,13.488,0.033,10.326,0.066,8.236,0.222,,,,,,,,0.317295,91.820445
4.3230273,35.7149457,b'00h17m17.53s',b'35d42m53.80s',0.1957,0.1772,-0.0392,14.434,0.069,15.7,0.440,13.517,0.121,8.9,0.540,1,0,b'0000',b'AB',10,57580.55376516,37136301351000113,14.308,0.027,13.488,0.033,10.326,0.066,8.236,0.222,,,,,,,,0.318676,14.501376
4.3230557,35.7147839,b'00h17m17.53s',b'35d42m53.22s',0.1683,0.1622,-0.0796,14.249,0.059,18.5,0.561,13.558,0.113,9.6,0.765,1,0,b'0000',b'AB',10,56663.15599300,37136301351000113,14.308,0.027,13.488,0.033,10.326,0.066,8.236,0.222,,,,,,,,0.318691,149.277851
4.3231083,35.7148738,b'00h17m17.55s',b'35d42m53.55s',0.2050,0.1819,-0.0587,14.377,0.078,13.9,0.503,13.440,0.107,10.1,0.389,1,0,b'0000',b'AA',10,58312.15950788,37136301351000113,14.308,0.027,13.488,0.033,10.326,0.066,8.236,0.222,,,,,,,,0.320435,81.080776
4.3230958,35.7148142,b'00h17m17.54s',b'35d42m53.33s',0.1809,0.1795,-0.0637,14.557,0.073,14.9,1.469,13.489,0.089,12.2,0.673,1,0,b'0000',b'AA',10,57389.89095109,37136301351000113,14.308,0.027,13.488,0.033,10.326,0.066,8.236,0.222,,,,,,,,0.324958,120.490258
4.3230627,35.7149348,b'00h17m17.54s',b'35d42m53.77s',0.2422,0.2122,-0.0590,14.438,0.084,12.9,0.852,13.910,0.178,6.1,0.558,1,0,b'0000',b'AB',5,59040.25292257,37136301351000113,14.308,0.027,13.488,0.033,10.326,0.066,8.236,0.222,,,,,,,,0.325728,34.238788
4.3230991,35.7148183,b'00h17m17.54s',b'35d42m53.35s',0.1767,0.1682,-0.0695,14.439,0.064,16.8,1.162,13.596,0.105,10.3,0.462,1,0,b'0000',b'AA',5,58836.70730159,37136301351000113,14.308,0.027,13.488,0.033,10.326,0.066,8.236,0.222,,,,,,,,0.326249,117.395595
4.3229825,35.7147699,b'00h17m17.52s',b'35d42m53.17s',0.1805,0.1650,-0.0373,14.433,0.066,16.5,0.993,13.531,0.136,8.0,0.655,1,0,b'0000',b'AB',10,57029.96239134,37136301351000113,14.308,0.027,13.488,0.033,10.326,0.066,8.236,0.222,,,,,,,,0.328371,188.961777
4.3230703,35.7149321,b'00h17m17.54s',b'35d42m53.76s',0.2112,0.1941,-0.0602,14.471,0.068,16.0,1.093,13.764,0.169,6.4,0.787,1,0,b'0000',b'AB',5,56666.18676859,37136301351000113,14.308,0.027,13.488,0.033,10.326,0.066,8.236,0.222,,,,,,,,0.33105,38.367288
4.3229894,35.7149522,b'00h17m17.52s',b'35d42m53.83s',0.2434,0.2630,-0.1570,14.321,0.096,11.3,0.640,13.684,0.146,7.4,0.562,1,0,b'0000',b'AB',10,59043.58840669,37136301351000113,14.308,0.027,13.488,0.033,10.326,0.066,8.236,0.222,,,,,,,,0.333367,354.66714
4.3230951,35.7149116,b'00h17m17.54s',b'35d42m53.68s',0.2485,0.2102,0.0516,14.505,0.080,13.6,1.013,13.728,0.157,6.9,0.547,1,0,b'0000',b'AB',5,57217.08810304,37136301351000113,14.308,0.027,13.488,0.033,10.326,0.066,8.236,0.222,,,,,,,,0.334329,56.246499
4.3230893,35.7148007,b'00h17m17.54s',b'35d42m53.28s',0.2264,0.2137,-0.0972,14.489,0.092,11.8,0.907,13.543,0.104,10.4,0.431,1,0,b'0000',b'AA',5,58837.16520946,37136301351000113,14.308,0.027,13.488,0.033,10.326,0.066,8.236,0.222,,,,,,,,0.337199,129.278616
4.3229613,35.7147689,b'00h17m17.51s',b'35d42m53.17s',0.2068,0.1785,0.0149,14.503,0.074,14.6,1.137,13.662,0.103,10.6,0.858,1,0,b'0000',b'AA',10,58109.97701079,37136301351000113,14.308,0.027,13.488,0.033,10.326,0.066,8.236,0.222,,,,,,,,0.34692,199.030114
4.3231173,35.7148447,b'00h17m17.55s',b'35d42m53.44s',0.1699,0.1755,0.0079,14.379,0.067,16.2,1.167,13.374,0.086,12.7,1.034,1,0,b'0000',b'AA',10,56663.68304564,37136301351000113,14.308,0.027,13.488,0.033,10.326,0.066,8.236,0.222,,,,,,,,0.347261,99.126405
4.3230919,35.7147984,b'00h17m17.54s',b'35d42m53.27s',0.2001,0.1805,-0.0582,14.395,0.067,16.2,0.612,13.478,0.122,8.9,0.742,1,0,b'0000',b'AB',10,58676.20049259,37136301351000113,14.308,0.027,13.488,0.033,10.326,0.066,8.236,0.222,,,,,,,,0.348334,129.541474
4.3231158,35.7148348,b'00h17m17.55s',b'35d42m53.41s',0.1876,0.1702,-0.0879,14.473,0.070,15.6,0.502,13.510,0.104,10.5,0.546,1,0,b'0000',b'AA',10,57389.03867520,37136301351000113,14.308,0.027,13.488,0.033,10.326,0.066,8.236,0.222,,,,,,,,0.350429,105.003915
4.3230813,35.7149325,b'00h17m17.54s',b'35d42m53.76s',0.1894,0.1854,-0.0553,14.366,0.063,17.1,0.562,13.532,0.146,7.4,0.762,1,0,b'0000',b'AB',5,58675.87348925,37136301351000113,14.308,0.027,13.488,0.033,10.326,0.066,8.236,0.222,,,,,,,,0.352981,42.317321
4.3231057,35.7148125,b'00h17m17.55s',b'35d42m53.33s',0.1915,0.1764,-0.0585,14.371,0.065,16.6,1.227,13.699,0.118,9.2,0.750,1,0,b'0000',b'AB',10,56662.82644181,37136301351000113,14.308,0.027,13.488,0.033,10.326,0.066,8.236,0.222,,,,,,,,0.353128,118.963442
4.3230682,35.7147787,b'00h17m17.54s',b'35d42m53.20s',0.2541,0.2047,-0.0546,14.581,0.077,14.1,0.637,13.832,0.140,7.8,0.406,1,0,b'0000',b'AB',10,56851.65449988,37136301351000113,14.308,0.027,13.488,0.033,10.326,0.066,8.236,0.222,,,,,,,,0.354116,145.741024
4.3230920,35.7149253,b'00h17m17.54s',b'35d42m53.73s',0.2392,0.2249,-0.0451,14.525,0.086,12.7,0.956,13.852,0.139,7.8,0.386,1,0,b'0000',b'AB',10,58837.29598543,37136301351000113,14.308,0.027,13.488,0.033,10.326,0.066,8.236,0.222,,,,,,,,0.357184,48.840346
4.3230750,35.7147806,b'00h17m17.54s',b'35d42m53.21s',0.1561,0.1569,-0.0459,14.352,0.062,17.4,1.193,13.442,0.090,12.0,0.598,1,0,b'0000',b'AA',10,57029.83097829,37136301351000113,14.308,0.027,13.488,0.033,10.326,0.066,8.236,0.222,,,,,,,,0.360226,142.513979
4.3230812,35.7147836,b'00h17m17.54s',b'35d42m53.22s',0.1756,0.1813,-0.0925,14.458,0.069,15.7,0.983,13.513,0.110,9.9,1.241,1,0,b'0000',b'AB',10,57748.68944549,37136301351000113,14.308,0.027,13.488,0.033,10.326,0.066,8.236,0.222,,,,,,,,0.363295,139.207622
4.3230544,35.7147692,b'00h17m17.53s',b'35d42m53.17s',0.2213,0.2009,0.0373,14.371,0.089,12.2,0.968,13.792,0.150,7.2,3.071,1,0,b'0000',b'AB',10,56662.95823685,37136301351000113,14.308,0.027,13.488,0.033,10.326,0.066,8.236,0.222,,,,,,,,0.363503,154.059647
4.3231098,35.7149083,b'00h17m17.55s',b'35d42m53.67s',0.1739,0.1947,-0.0820,14.426,0.071,15.2,0.531,13.644,0.103,10.5,0.612,1,0,b'0000',b'AA',10,56852.44399307,37136301351000113,14.308,0.027,13.488,0.033,10.326,0.066,8.236,0.222,,,,,,,,0.36502,61.551897
4.3230888,35.7147886,b'00h17m17.54s',b'35d42m53.24s',0.1875,0.1801,-0.0496,14.427,0.068,15.9,0.921,13.248,0.108,10.0,0.858,1,0,b'0000',b'AA',10,56852.04924657,37136301351000113,14.308,0.027,13.488,0.033,10.326,0.066,8.236,0.222,,,,,,,,0.365291,134.720641
4.3231110,35.7148117,b'00h17m17.55s',b'35d42m53.32s',0.1728,0.1630,-0.0598,14.289,0.059,18.4,0.744,13.613,0.117,9.3,0.320,1,0,b'0000',b'AB',10,56666.12080745,37136301351000113,14.308,0.027,13.488,0.033,10.326,0.066,8.236,0.222,,,,,,,,0.3681,118.187952
4.3231265,35.7148531,b'00h17m17.55s',b'35d42m53.47s',0.1969,0.1799,-0.0684,14.464,0.072,15.2,0.967,13.480,0.126,8.6,0.934,1,0,b'0000',b'AB',10,57581.33994918,37136301351000113,14.308,0.027,13.488,0.033,10.326,0.066,8.236,0.222,,,,,,,,0.370593,93.843308
4.3231058,35.7149178,b'00h17m17.55s',b'35d42m53.70s',0.1895,0.1933,-0.0704,14.478,0.071,15.4,0.895,13.405,0.146,7.5,0.993,1,0,b'0000',b'AB',5,58312.42131435,37136301351000113,14.308,0.027,13.488,0.033,10.326,0.066,8.236,0.222,,,,,,,,0.372741,56.065066
4.3231251,35.7148348,b'00h17m17.55s',b'35d42m53.41s',0.1814,0.1865,-0.0709,14.424,0.070,15.4,1.050,13.572,0.121,8.9,1.070,1,0,b'0000',b'AB',10,57748.82047653,37136301351000113,14.308,0.027,13.488,0.033,10.326,0.066,8.236,0.222,,,,,,,,0.376749,103.9336
4.3230529,35.7149567,b'00h17m17.53s',b'35d42m53.84s',0.2197,0.2580,-0.1189,14.469,0.085,12.7,0.773,13.703,0.166,6.5,0.954,1,0,b'0000',b'AB',5,58676.46217163,37136301351000113,14.308,0.027,13.488,0.033,10.326,0.066,8.236,0.222,,,,,,,,0.380914,23.949315
4.3231119,35.7148057,b'00h17m17.55s',b'35d42m53.30s',0.1904,0.2013,0.0393,14.481,0.071,15.4,0.901,13.443,0.122,8.9,0.794,1,0,b'0000',b'AB',10,57216.56334381,37136301351000113,14.308,0.027,13.488,0.033,10.326,0.066,8.236,0.222,,,,,,,,0.381038,120.864788
4.3230800,35.7147761,b'00h17m17.54s',b'35d42m53.19s',0.2042,0.1806,-0.0890,14.530,0.073,14.9,2.072,13.587,0.116,9.3,0.814,1,0,b'0000',b'AB',5,58109.32236588,37136301351000113,14.308,0.027,13.488,0.033,10.326,0.066,8.236,0.222,,,,,,,,0.381979,142.25327
4.3231312,35.7148538,b'00h17m17.55s',b'35d42m53.47s',0.1913,0.1736,-0.0553,14.438,0.066,16.5,0.904,13.458,0.102,10.6,0.453,1,0,b'0000',b'AA',10,57216.43205869,37136301351000113,14.308,0.027,13.488,0.033,10.326,0.066,8.236,0.222,,,,,,,,0.384137,93.330934
4.3231300,35.7148778,b'00h17m17.55s',b'35d42m53.56s',0.2039,0.1900,-0.0681,14.403,0.070,15.4,0.686,13.617,0.138,7.8,0.720,1,0,b'0000',b'AB',10,57950.78600028,37136301351000113,14.308,0.027,13.488,0.033,10.326,0.066,8.236,0.222,,,,,,,,0.38535200000000003,80.427746
4.3231319,35.7148670,b'00h17m17.55s',b'35d42m53.52s',0.2207,0.2007,0.0151,14.617,0.074,14.8,1.331,13.591,0.117,9.3,0.219,1,0,b'0000',b'AB',5,58837.09975773,37136301351000113,14.308,0.027,13.488,0.033,10.326,0.066,8.236,0.222,,,,,,,,0.386356,86.260244
4.3230768,35.7147722,b'00h17m17.54s',b'35d42m53.18s',0.2343,0.2193,-0.0946,14.518,0.078,13.9,1.006,13.549,0.152,7.2,0.913,1,0,b'0000',b'AB',10,59040.31837412,37136301351000113,14.308,0.027,13.488,0.033,10.326,0.066,8.236,0.222,,,,,,,,0.387686,144.617233
4.3230685,35.7149536,b'00h17m17.54s',b'35d42m53.83s',0.1930,0.1715,-0.0440,14.391,0.063,17.1,1.279,13.751,0.113,9.6,0.412,1,0,b'0000',b'AB',10,57749.21344230,37136301351000113,14.308,0.027,13.488,0.033,10.326,0.066,8.236,0.222,,,,,,,,0.391963,30.718852
4.3230645,35.7147639,b'00h17m17.54s',b'35d42m53.15s',0.1966,0.1671,-0.0516,14.398,0.063,17.2,0.811,13.667,0.106,10.3,0.694,1,0,b'0000',b'AA',10,58837.36143715,37136301351000113,14.308,0.027,13.488,0.033,10.326,0.066,8.236,0.222,,,,,,,,0.393995,151.411824
4.3231364,35.7148473,b'00h17m17.55s',b'35d42m53.45s',0.1851,0.1755,-0.0764,14.489,0.069,15.8,1.350,13.706,0.110,9.9,0.531,1,0,b'0000',b'AB',10,58837.23053376,37136301351000113,14.308,0.027,13.488,0.033,10.326,0.066,8.236,0.222,,,,,,,,0.4013,96.54179
4.3231300,35.7148233,b'00h17m17.55s',b'35d42m53.36s',0.1945,0.2058,-0.0701,14.537,0.076,14.2,0.832,13.644,0.126,8.6,0.691,1,0,b'0000',b'AB',10,58109.25691420,37136301351000113,14.308,0.027,13.488,0.033,10.326,0.066,8.236,0.222,,,,,,,,0.402299,109.172451
4.3231249,35.7149077,b'00h17m17.55s',b'35d42m53.67s',0.2637,0.2224,-0.0755,14.473,0.076,14.3,0.600,13.957,0.248,4.4,0.501,1,0,b'0000',b'AB',10,59043.52257310,37136301351000113,14.308,0.027,13.488,0.033,10.326,0.066,8.236,0.222,,,,,,,,0.403448,64.809245
4.3231376,35.7148464,b'00h17m17.55s',b'35d42m53.45s',0.1729,0.1904,-0.0146,14.511,0.070,15.6,0.951,13.398,0.103,10.6,0.674,1,0,b'0000',b'AA',10,57389.75991984,37136301351000113,14.308,0.027,13.488,0.033,10.326,0.066,8.236,0.222,,,,,,,,0.405166,96.940476
4.3231138,35.7149247,b'00h17m17.55s',b'35d42m53.73s',0.3035,0.3199,-0.1047,14.496,0.128,8.5,0.567,13.541,0.126,8.6,0.962,1,0,b'0000',b'BB',5,59040.90680161,37136301351000113,14.308,0.027,13.488,0.033,10.326,0.066,8.236,0.222,,,,,,,,0.406074,54.998995
4.3229227,35.7149542,b'00h17m17.50s',b'35d42m53.84s',0.1845,0.1988,-0.1031,14.314,0.072,15.0,0.923,13.369,0.114,9.5,0.886,1,0,b'0000',b'AB',5,58472.71870601,37136301351000113,14.308,0.027,13.488,0.033,10.326,0.066,8.236,0.222,,,,,,,,0.407491,326.325825
4.3230089,35.7147464,b'00h17m17.52s',b'35d42m53.09s',0.3389,0.3064,-0.1759,14.712,0.102,10.6,0.967,14.348,0.329,3.3,3.113,1,0,b'0000',b'AB',5,57944.89370652,37136301351000113,14.308,0.027,13.488,0.033,10.326,0.066,8.236,0.222,,,,,,,,0.409791,176.360264
4.3230310,35.7147482,b'00h17m17.53s',b'35d42m53.09s',0.1642,0.1640,-0.0398,14.376,0.062,17.6,0.808,13.748,0.111,9.8,0.884,1,0,b'0000',b'AB',10,57030.22521751,37136301351000113,14.308,0.027,13.488,0.033,10.326,0.066,8.236,0.222,,,,,,,,0.412559,167.312333
4.3231329,35.7148210,b'00h17m17.55s',b'35d42m53.36s',0.1904,0.1522,-0.0634,14.301,0.061,17.7,0.569,13.632,0.106,10.3,0.552,1,0,b'0000',b'AA',10,57030.48804359,37136301351000113,14.308,0.027,13.488,0.033,10.326,0.066,8.236,0.222,,,,,,,,0.413051,109.871151
4.3231138,35.7147913,b'00h17m17.55s',b'35d42m53.25s',0.2281,0.1913,-0.0984,14.431,0.073,14.9,1.050,13.717,0.124,8.8,0.963,1,0,b'0000',b'AB',10,57030.35663053,37136301351000113,14.308,0.027,13.488,0.033,10.326,0.066,8.236,0.222,,,,,,,,0.414501,126.631627
4.3231144,35.7147916,b'00h17m17.55s',b'35d42m53.25s',0.1878,0.1926,-0.0930,14.368,0.067,16.2,0.589,13.501,0.100,10.9,0.670,1,0,b'0000',b'AA',10,57748.23090052,37136301351000113,14.308,0.027,13.488,0.033,10.326,0.066,8.236,0.222,,,,,,,,0.415264,126.367669
4.3231255,35.7148059,b'00h17m17.55s',b'35d42m53.30s',0.2251,0.2031,-0.0701,14.603,0.082,13.3,1.536,13.541,0.105,10.4,1.064,1,0,b'0000',b'AA',5,57945.02460393,37136301351000113,14.308,0.027,13.488,0.033,10.326,0.066,8.236,0.222,,,,,,,,0.415332,117.964939
4.3229868,35.7149762,b'00h17m17.52s',b'35d42m53.91s',0.2173,0.2197,0.0689,14.449,0.094,11.5,0.710,13.335,0.123,8.8,0.733,1,0,b'0000',b'AB',10,57580.81582688,37136301351000113,14.308,0.027,13.488,0.033,10.326,0.066,8.236,0.222,,,,,,,,0.420093,354.730341
4.3231187,35.7149289,b'00h17m17.55s',b'35d42m53.74s',0.2259,0.1973,-0.1055,14.437,0.081,13.4,0.671,13.833,0.120,9.1,1.142,1,0,b'0000',b'AB',5,57945.35198917,37136301351000113,14.308,0.027,13.488,0.033,10.326,0.066,8.236,0.222,,,,,,,,0.426498,54.438761
4.3231040,35.7147755,b'00h17m17.54s',b'35d42m53.19s',0.2107,0.2257,-0.0855,14.544,0.076,14.3,0.798,13.806,0.175,6.2,0.709,1,0,b'0000',b'AB',10,58676.26594420,37136301351000113,14.308,0.027,13.488,0.033,10.326,0.066,8.236,0.222,,,,,,,,0.430049,135.019983
4.3228987,35.7147730,b'00h17m17.50s',b'35d42m53.18s',0.2129,0.2224,0.0145,14.576,0.077,14.2,1.179,13.565,0.138,7.8,0.863,1,0,b'0000',b'AB',10,56666.31843627,37136301351000113,14.308,0.027,13.488,0.033,10.326,0.066,8.236,0.222,,,,,,,,0.431004,223.392019
4.3231495,35.7148638,b'00h17m17.56s',b'35d42m53.51s',0.2052,0.1881,-0.0715,14.524,0.083,13.0,1.240,13.548,0.117,9.3,0.733,1,0,b'0000',b'AB',5,57580.68479568,37136301351000113,14.308,0.027,13.488,0.033,10.326,0.066,8.236,0.222,,,,,,,,0.437195,88.206861
4.3230052,35.7147384,b'00h17m17.52s',b'35d42m53.06s',0.1781,0.2000,-0.0450,14.527,0.076,14.2,1.274,13.466,0.114,9.6,0.905,1,0,b'0000',b'AB',5,57945.22108601,37136301351000113,14.308,0.027,13.488,0.033,10.326,0.066,8.236,0.222,,,,,,,,0.438026,178.011441
4.3231498,35.7148711,b'00h17m17.56s',b'35d42m53.54s',0.1625,0.1605,-0.0575,14.308,0.060,18.2,1.023,13.347,0.094,11.5,1.060,1,0,b'0000',b'AA',10,56666.45023132,37136301351000113,14.308,0.027,13.488,0.033,10.326,0.066,8.236,0.222,,,,,,,,0.439673,84.785456
4.3231388,35.7148111,b'00h17m17.55s',b'35d42m53.32s',0.1615,0.1656,-0.0873,14.336,0.064,17.0,1.313,13.443,0.106,10.3,1.533,1,0,b'0000',b'AA',10,58473.17686891,37136301351000113,14.308,0.027,13.488,0.033,10.326,0.066,8.236,0.222,,,,,,,,0.442255,113.456457
4.3230841,35.7149626,b'00h17m17.54s',b'35d42m53.87s',0.2284,0.2360,-0.0882,14.546,0.082,13.2,0.788,13.427,0.134,8.1,0.609,1,0,b'0000',b'AB',10,59043.45763086,37136301351000113,14.308,0.027,13.488,0.033,10.326,0.066,8.236,0.222,,,,,,,,0.443683,33.64496
4.3230996,35.7147664,b'00h17m17.54s',b'35d42m53.16s',0.1861,0.1941,-0.0711,14.445,0.069,15.8,0.451,13.681,0.113,9.6,0.718,1,0,b'0000',b'AB',10,56851.45712666,37136301351000113,14.308,0.027,13.488,0.033,10.326,0.066,8.236,0.222,,,,,,,,0.445309,139.173625
4.3231373,35.7148048,b'00h17m17.55s',b'35d42m53.30s',0.2058,0.1779,-0.0580,14.356,0.062,17.5,0.836,13.715,0.151,7.2,0.677,1,0,b'0000',b'AB',10,56666.25260245,37136301351000113,14.308,0.027,13.488,0.033,10.326,0.066,8.236,0.222,,,,,,,,0.447827,116.342895
4.3231528,35.7148708,b'00h17m17.56s',b'35d42m53.53s',0.1836,0.1989,-0.0245,14.297,0.063,17.1,1.135,13.522,0.162,6.7,0.780,1,0,b'0000',b'AB',10,57216.23532199,37136301351000113,14.308,0.027,13.488,0.033,10.326,0.066,8.236,0.222,,,,,,,,0.448312,85.024763
4.3231495,35.7148894,b'00h17m17.56s',b'35d42m53.60s',0.2400,0.2285,-0.0714,14.610,0.083,13.0,0.968,13.533,0.132,8.2,0.805,1,0,b'0000',b'AB',10,58311.96315295,37136301351000113,14.308,0.027,13.488,0.033,10.326,0.066,8.236,0.222,,,,,,,,0.449616,76.384725
4.3231534,35.7148449,b'00h17m17.56s',b'35d42m53.44s',0.2228,0.2254,0.0448,14.407,0.081,13.5,0.517,13.576,0.150,7.2,0.833,1,0,b'0000',b'AB',5,59040.44914999,37136301351000113,14.308,0.027,13.488,0.033,10.326,0.066,8.236,0.222,,,,,,,,0.45166,96.912534
4.3231083,35.7147704,b'00h17m17.55s',b'35d42m53.17s',0.2550,0.2549,0.0246,14.662,0.101,10.7,1.983,13.735,0.157,6.9,0.568,1,0,b'0000',b'AB',5,59040.05682256,37136301351000113,14.308,0.027,13.488,0.033,10.326,0.066,8.236,0.222,,,,,,,,0.451942,135.538176
4.3231438,35.7149068,b'00h17m17.55s',b'35d42m53.66s',0.1957,0.1918,-0.0393,14.405,0.078,13.9,0.613,13.989,0.160,6.8,0.546,1,0,b'0000',b'AB',10,56856.98319572,37136301351000113,14.308,0.027,13.488,0.033,10.326,0.066,8.236,0.222,,,,,,,,0.45283,68.157239
4.3231543,35.7148482,b'00h17m17.56s',b'35d42m53.45s',0.2419,0.2248,-0.0614,14.521,0.072,15.0,3.775,14.018,0.216,5.0,0.619,1,0,b'0000',b'AB',0,59040.38369839,37136301351000113,14.308,0.027,13.488,0.033,10.326,0.066,8.236,0.222,,,,,,,,0.453007,95.380665
4.3230978,35.7149577,b'00h17m17.54s',b'35d42m53.85s',0.1756,0.1770,-0.0474,14.487,0.068,16.0,0.723,13.428,0.096,11.3,0.855,1,0,b'0000',b'AA',10,57216.62892272,37136301351000113,14.308,0.027,13.488,0.033,10.326,0.066,8.236,0.222,,,,,,,,0.453237,39.102896
4.3231552,35.7148791,b'00h17m17.56s',b'35d42m53.56s',0.1792,0.1725,0.0306,14.305,0.065,16.8,0.662,13.492,0.122,8.9,0.558,1,0,b'0000',b'AB',10,58473.11141715,37136301351000113,14.308,0.027,13.488,0.033,10.326,0.066,8.236,0.222,,,,,,,,0.458819,81.381064
4.3231164,35.7147739,b'00h17m17.55s',b'35d42m53.19s',0.2363,0.2324,-0.1155,14.572,0.079,13.8,0.753,13.608,0.138,7.9,1.025,1,0,b'0000',b'AB',5,59039.92591936,37136301351000113,14.308,0.027,13.488,0.033,10.326,0.066,8.236,0.222,,,,,,,,0.460258,132.334263
4.3230210,35.7149874,b'00h17m17.53s',b'35d42m53.95s',0.2329,0.2184,-0.0692,14.559,0.077,14.1,0.707,13.711,0.137,7.9,0.884,1,0,b'0000',b'AB',5,58109.38781766,37136301351000113,14.308,0.027,13.488,0.033,10.326,0.066,8.236,0.222,,,,,,,,0.462725,7.622869
4.3231474,35.7148123,b'00h17m17.56s',b'35d42m53.32s',0.1596,0.1858,-0.0637,14.265,0.066,16.5,1.172,13.475,0.114,9.5,0.303,1,0,b'0000',b'AB',10,56663.55137800,37136301351000113,14.308,0.027,13.488,0.033,10.326,0.066,8.236,0.222,,,,,,,,0.463806,111.730537
4.3230513,35.7149827,b'00h17m17.53s',b'35d42m53.94s',0.1772,0.1705,-0.0816,14.348,0.061,17.9,0.522,13.636,0.126,8.6,0.783,1,0,b'0000',b'AB',5,56666.05497359,37136301351000113,14.308,0.027,13.488,0.033,10.326,0.066,8.236,0.222,,,,,,,,0.466477,18.750425
4.3230400,35.7147341,b'00h17m17.53s',b'35d42m53.04s',0.1856,0.1768,0.0170,14.404,0.079,13.7,0.973,13.524,0.103,10.5,0.525,1,0,b'0000',b'AA',10,58108.99510721,37136301351000113,14.308,0.027,13.488,0.033,10.326,0.066,8.236,0.222,,,,,,,,0.468074,165.535246
4.3231610,35.7148467,b'00h17m17.56s',b'35d42m53.45s',0.1395,0.1604,-0.0441,14.292,0.058,18.6,0.564,13.497,0.102,10.7,0.400,1,0,b'0000',b'AA',10,56665.98913981,37136301351000113,14.308,0.027,13.488,0.033,10.326,0.066,8.236,0.222,,,,,,,,0.473023,95.809426
4.3231428,35.7147971,b'00h17m17.55s',b'35d42m53.27s',0.1697,0.1619,-0.0554,14.307,0.061,17.7,1.309,13.521,0.127,8.5,1.013,1,0,b'0000',b'AB',10,58837.03443333,37136301351000113,14.308,0.027,13.488,0.033,10.326,0.066,8.236,0.222,,,,,,,,0.474866,118.479943
4.3230964,35.7147526,b'00h17m17.54s',b'35d42m53.11s',0.2079,0.1712,-0.0507,14.440,0.069,15.7,0.922,13.518,0.099,11.0,0.777,1,0,b'0000',b'AA',10,57748.88592841,37136301351000113,14.308,0.027,13.488,0.033,10.326,0.066,8.236,0.222,,,,,,,,0.478424,143.916384
4.3231415,35.7147930,b'00h17m17.55s',b'35d42m53.25s',0.2527,0.2677,0.0715,14.551,0.113,9.6,0.590,13.673,0.125,8.7,0.377,1,0,b'0000',b'BB',5,58312.29041109,37136301351000113,14.308,0.027,13.488,0.033,10.326,0.066,8.236,0.222,,,,,,,,0.478789,120.2496
4.3231020,35.7147546,b'00h17m17.54s',b'35d42m53.12s',0.1872,0.1665,-0.0481,14.312,0.063,17.1,0.713,13.643,0.109,9.9,0.575,1,0,b'0000',b'AB',10,57580.22612508,37136301351000113,14.308,0.027,13.488,0.033,10.326,0.066,8.236,0.222,,,,,,,,0.482563,141.841786
4.3231626,35.7148331,b'00h17m17.56s',b'35d42m53.40s',0.1990,0.1882,-0.0553,14.537,0.081,13.4,1.154,13.671,0.110,9.9,0.949,1,0,b'0000',b'AB',10,57748.75489733,37136301351000113,14.308,0.027,13.488,0.033,10.326,0.066,8.236,0.222,,,,,,,,0.485043,101.5167
4.3231607,35.7148256,b'00h17m17.56s',b'35d42m53.37s',0.1991,0.2033,-0.0768,14.507,0.072,15.0,0.747,13.748,0.144,7.6,1.332,1,0,b'0000',b'AB',5,59040.18759833,37136301351000113,14.308,0.027,13.488,0.033,10.326,0.066,8.236,0.222,,,,,,,,0.485772,104.769718
4.3230959,35.7147469,b'00h17m17.54s',b'35d42m53.09s',0.1895,0.1606,-0.0456,14.250,0.057,18.9,0.497,13.713,0.148,7.3,0.636,1,0,b'0000',b'AB',10,56666.58202628,37136301351000113,14.308,0.027,13.488,0.033,10.326,0.066,8.236,0.222,,,,,,,,0.494322,145.45428
4.3231658,35.7148986,b'00h17m17.56s',b'35d42m53.63s',0.1960,0.1731,-0.0224,14.399,0.066,16.5,1.380,13.700,0.119,9.1,0.522,1,0,b'0000',b'AB',10,57749.08241130,37136301351000113,14.308,0.027,13.488,0.033,10.326,0.066,8.236,0.222,,,,,,,,0.504152,74.000416
4.3231523,35.7147911,b'00h17m17.56s',b'35d42m53.25s',0.2148,0.1774,0.0377,14.435,0.068,16.0,0.644,13.822,0.121,9.0,0.455,1,0,b'0000',b'AB',10,58109.51872118,37136301351000113,14.308,0.027,13.488,0.033,10.326,0.066,8.236,0.222,,,,,,,,0.509604,119.12585
4.3231552,35.7147947,b'00h17m17.56s',b'35d42m53.26s',0.1943,0.1754,-0.0534,14.383,0.063,17.2,1.012,13.785,0.128,8.5,1.180,1,0,b'0000',b'AB',10,58837.55766490,37136301351000113,14.308,0.027,13.488,0.033,10.326,0.066,8.236,0.222,,,,,,,,0.510937,117.393368
4.3231621,35.7148067,b'00h17m17.56s',b'35d42m53.30s',0.1779,0.1857,-0.0601,14.451,0.066,16.4,0.747,13.815,0.132,8.2,0.651,1,0,b'0000',b'AB',10,57944.76280326,37136301351000113,14.308,0.027,13.488,0.033,10.326,0.066,8.236,0.222,,,,,,,,0.511186,112.04649
4.3231736,35.7148780,b'00h17m17.56s',b'35d42m53.56s',0.2131,0.1841,-0.0565,14.512,0.067,16.2,1.230,13.680,0.128,8.5,0.750,1,0,b'0000',b'AB',10,57030.68516325,37136301351000113,14.308,0.027,13.488,0.033,10.326,0.066,8.236,0.222,,,,,,,,0.511547,82.722463
4.3230788,35.7147304,b'00h17m17.54s',b'35d42m53.03s',0.2277,0.1977,0.0170,14.426,0.078,13.8,1.144,13.578,0.127,8.5,0.387,1,0,b'0000',b'AB',10,57389.30086491,37136301351000113,14.308,0.027,13.488,0.033,10.326,0.066,8.236,0.222,,,,,,,,0.520317,153.725566
4.3231775,35.7148434,b'00h17m17.56s',b'35d42m53.44s',0.2200,0.1880,-0.0861,14.433,0.072,15.0,0.458,13.780,0.122,8.9,0.745,1,0,b'0000',b'AB',10,58837.23066108,37136301351000113,14.308,0.027,13.488,0.033,10.326,0.066,8.236,0.222,,,,,,,,0.522256,96.570516
4.3231549,35.7147854,b'00h17m17.56s',b'35d42m53.23s',0.1726,0.1674,-0.0521,14.338,0.059,18.5,0.984,13.793,0.151,7.2,0.254,1,0,b'0000',b'AB',10,57389.43202346,37136301351000113,14.308,0.027,13.488,0.033,10.326,0.066,8.236,0.222,,,,,,,,0.526427,120.674423
4.3229133,35.7147301,b'00h17m17.50s',b'35d42m53.03s',0.2787,0.2741,-0.1442,14.639,0.131,8.3,0.985,13.438,0.102,10.6,0.653,1,0,b'0000',b'BA',10,56851.85187316,37136301351000113,14.308,0.027,13.488,0.033,10.326,0.066,8.236,0.222,,,,,,,,0.53189,208.453891
4.3231824,35.7148631,b'00h17m17.56s',b'35d42m53.51s',0.1864,0.1735,-0.0565,14.358,0.063,17.3,1.202,13.440,0.103,10.5,0.644,1,0,b'0000',b'AA',5,58312.02860458,37136301351000113,14.308,0.027,13.488,0.033,10.326,0.066,8.236,0.222,,,,,,,,0.533265,88.800789
4.3231436,35.7149533,b'00h17m17.55s',b'35d42m53.83s',0.2254,0.2221,-0.1146,14.410,0.094,11.6,1.534,13.775,0.124,8.8,0.557,1,0,b'0000',b'AB',10,56852.18078628,37136301351000113,14.308,0.027,13.488,0.033,10.326,0.066,8.236,0.222,,,,,,,,0.537579,51.332573000000004
4.3231859,35.7148497,b'00h17m17.56s',b'35d42m53.46s',0.1677,0.1692,-0.0650,14.523,0.067,16.2,0.864,13.434,0.086,12.6,0.568,1,0,b'0000',b'AA',10,58109.84597995,37136301351000113,14.308,0.027,13.488,0.033,10.326,0.066,8.236,0.222,,,,,,,,0.544641,93.903749
4.3230838,35.7147229,b'00h17m17.54s',b'35d42m53.00s',0.1834,0.1938,-0.0381,14.453,0.083,13.1,0.621,13.579,0.127,8.5,0.600,1,0,b'0000',b'AB',10,58837.42688882,37136301351000113,14.308,0.027,13.488,0.033,10.326,0.066,8.236,0.222,,,,,,,,0.550995,153.605695
4.3231604,35.7149434,b'00h17m17.56s',b'35d42m53.80s',0.2102,0.2069,-0.1073,14.524,0.076,14.3,1.302,13.509,0.097,11.2,0.780,1,0,b'0000',b'AA',10,56851.78603964,37136301351000113,14.308,0.027,13.488,0.033,10.326,0.066,8.236,0.222,,,,,,,,0.556735,57.365003
4.3231906,35.7148438,b'00h17m17.57s',b'35d42m53.44s',0.2275,0.1944,-0.0713,14.445,0.070,15.4,1.204,13.831,0.179,6.1,0.271,1,0,b'0000',b'AB',10,56851.32558690,37136301351000113,14.308,0.027,13.488,0.033,10.326,0.066,8.236,0.222,,,,,,,,0.56016,95.97602
4.3231210,35.7149819,b'00h17m17.55s',b'35d42m53.93s',0.2380,0.2900,-0.0211,14.559,0.085,12.7,1.414,13.829,0.189,5.7,0.688,1,0,b'0000',b'AB',5,58676.13504097,37136301351000113,14.308,0.027,13.488,0.033,10.326,0.066,8.236,0.222,,,,,,,,0.563624,38.866589
4.3231758,35.7149247,b'00h17m17.56s',b'35d42m53.73s',0.1901,0.1663,-0.0548,14.368,0.065,16.8,0.872,13.521,0.102,10.6,1.452,1,0,b'0000',b'AA',10,57944.50086884,37136301351000113,14.308,0.027,13.488,0.033,10.326,0.066,8.236,0.222,,,,,,,,0.564177,65.616148
4.3230777,35.7147148,b'00h17m17.54s',b'35d42m52.97s',0.1937,0.2086,-0.1150,14.439,0.073,14.8,1.191,13.474,0.114,9.5,0.745,1,0,b'0000',b'AB',10,57580.88127848,37136301351000113,14.308,0.027,13.488,0.033,10.326,0.066,8.236,0.222,,,,,,,,0.569924,156.515766
4.3230466,35.7147058,b'00h17m17.53s',b'35d42m52.94s',0.2010,0.1856,-0.0620,14.389,0.073,14.9,0.791,13.601,0.095,11.4,1.001,1,0,b'0000',b'AA',10,57390.15326816,37136301351000113,14.308,0.027,13.488,0.033,10.326,0.066,8.236,0.222,,,,,,,,0.571588,166.213681
4.3231171,35.7147287,b'00h17m17.55s',b'35d42m53.02s',0.1443,0.1619,-0.0419,14.314,0.061,17.8,1.051,13.476,0.100,10.8,0.752,1,0,b'0000',b'AA',10,57389.30099222,37136301351000113,14.308,0.027,13.488,0.033,10.326,0.066,8.236,0.222,,,,,,,,0.583593,144.090809
4.3231747,35.7147804,b'00h17m17.56s',b'35d42m53.21s',0.2404,0.2303,-0.0919,14.569,0.091,11.9,1.012,13.831,0.137,7.9,0.501,1,0,b'0000',b'AB',10,57748.95138025,37136301351000113,14.308,0.027,13.488,0.033,10.326,0.066,8.236,0.222,,,,,,,,0.585548,119.300106
4.3231876,35.7149174,b'00h17m17.57s',b'35d42m53.70s',0.2279,0.2118,-0.0600,14.365,0.080,13.7,0.418,13.542,0.159,6.8,0.389,1,0,b'0000',b'AB',10,57216.95694521,37136301351000113,14.308,0.027,13.488,0.033,10.326,0.066,8.236,0.222,,,,,,,,0.585992,69.351421
4.3231907,35.7148062,b'00h17m17.57s',b'35d42m53.30s',0.2309,0.2343,-0.0812,14.590,0.111,9.8,1.023,13.530,0.134,8.1,0.393,1,0,b'0000',b'BB',5,58676.33139582,37136301351000113,14.308,0.027,13.488,0.033,10.326,0.066,8.236,0.222,,,,,,,,0.590096,109.16052
4.3232032,35.7148653,b'00h17m17.57s',b'35d42m53.52s',0.1679,0.1798,-0.0509,14.434,0.067,16.2,0.448,13.562,0.102,10.6,0.568,1,0,b'0000',b'AA',5,57580.94685745,37136301351000113,14.308,0.027,13.488,0.033,10.326,0.066,8.236,0.222,,,,,,,,0.594252,88.159992
4.3231996,35.7148978,b'00h17m17.57s',b'35d42m53.63s',0.2218,0.2082,-0.1076,14.258,0.072,15.1,0.677,13.751,0.202,5.4,0.598,1,0,b'0000',b'AB',5,59043.39230663,37136301351000113,14.308,0.027,13.488,0.033,10.326,0.066,8.236,0.222,,,,,,,,0.599081,76.87074
4.3227904,35.7148463,b'00h17m17.47s',b'35d42m53.45s',0.2095,0.1840,0.0318,14.401,0.068,16.0,0.548,13.796,0.143,7.6,1.070,1,0,b'0000',b'AB',10,58675.74258602,37136301351000113,14.308,0.027,13.488,0.033,10.326,0.066,8.236,0.222,,,,,,,,0.614632,265.397532
4.3231873,35.7147813,b'00h17m17.56s',b'35d42m53.21s',0.2066,0.1851,-0.0509,14.405,0.062,17.4,1.343,13.887,0.200,5.4,0.625,1,0,b'0000',b'AB',5,58472.98051360,37136301351000113,14.308,0.027,13.488,0.033,10.326,0.066,8.236,0.222,,,,,,,,0.616436,117.361868
4.3231460,35.7147341,b'00h17m17.56s',b'35d42m53.04s',0.1844,0.1797,-0.0612,14.335,0.064,17.0,0.882,13.467,0.100,10.9,0.534,1,0,b'0000',b'AA',10,57944.95915818,37136301351000113,14.308,0.027,13.488,0.033,10.326,0.066,8.236,0.222,,,,,,,,0.622528,136.724064
4.3229839,35.7150329,b'00h17m17.52s',b'35d42m54.12s',0.2077,0.1901,-0.0569,14.420,0.065,16.7,1.531,13.826,0.163,6.7,0.958,1,0,b'0000',b'AB',10,58473.43854856,37136301351000113,14.308,0.027,13.488,0.033,10.326,0.066,8.236,0.222,,,,,,,,0.624218,355.676386
4.3231914,35.7147808,b'00h17m17.57s',b'35d42m53.21s',0.1745,0.1786,-0.0533,14.366,0.063,17.2,1.358,13.597,0.109,10.0,0.875,1,0,b'0000',b'AA',5,57580.61921671,37136301351000113,14.308,0.027,13.488,0.033,10.326,0.066,8.236,0.222,,,,,,,,0.627922,117.005143
4.3232150,35.7148503,b'00h17m17.57s',b'35d42m53.46s',0.1957,0.1859,0.0607,14.299,0.066,16.5,0.954,13.535,0.111,9.8,0.562,1,0,b'0000',b'AB',10,57216.82565943,37136301351000113,14.308,0.027,13.488,0.033,10.326,0.066,8.236,0.222,,,,,,,,0.629402,93.180396
4.3231848,35.7147688,b'00h17m17.56s',b'35d42m53.17s',0.2015,0.1812,-0.0848,14.300,0.067,16.3,0.883,13.502,0.132,8.2,0.712,1,0,b'0000',b'AB',10,59043.91541050,37136301351000113,14.308,0.027,13.488,0.033,10.326,0.066,8.236,0.222,,,,,,,,0.632113,121.291894
4.3232191,35.7148734,b'00h17m17.57s',b'35d42m53.54s',0.1933,0.1742,-0.0401,14.299,0.066,16.4,1.152,13.665,0.110,9.8,1.128,1,0,b'0000',b'AB',10,57945.15563447,37136301351000113,14.308,0.027,13.488,0.033,10.326,0.066,8.236,0.222,,,,,,,,0.642232,85.692231
4.3232137,35.7147976,b'00h17m17.57s',b'35d42m53.27s',0.1952,0.1845,-0.0647,14.531,0.071,15.2,1.427,13.687,0.101,10.7,0.730,1,0,b'0000',b'AA',10,56851.91770676,37136301351000113,14.308,0.027,13.488,0.033,10.326,0.066,8.236,0.222,,,,,,,,0.663802,109.780223
4.3232248,35.7148965,b'00h17m17.57s',b'35d42m53.63s',0.2161,0.2425,-0.1003,14.509,0.077,14.1,0.582,13.651,0.110,9.9,0.822,1,0,b'0000',b'AB',10,58836.83807823,37136301351000113,14.308,0.027,13.488,0.033,10.326,0.066,8.236,0.222,,,,,,,,0.670091,78.691349
4.3231669,35.7149927,b'00h17m17.56s',b'35d42m53.97s',0.1948,0.2043,-0.0866,14.368,0.077,14.1,1.257,13.544,0.108,10.1,1.028,1,0,b'0000',b'AA',5,57944.63177271,37136301351000113,14.308,0.027,13.488,0.033,10.326,0.066,8.236,0.222,,,,,,,,0.682793,45.600498
4.3229585,35.7150481,b'00h17m17.51s',b'35d42m54.17s',0.2084,0.2136,-0.0766,14.549,0.081,13.4,0.998,13.349,0.112,9.7,0.434,1,0,b'0000',b'AB',5,58676.13516833,37136301351000113,14.308,0.027,13.488,0.033,10.326,0.066,8.236,0.222,,,,,,,,0.687941,349.844095
4.3230564,35.7146736,b'00h17m17.53s',b'35d42m52.82s',0.2230,0.2171,0.0469,14.332,0.089,12.1,1.611,13.603,0.110,9.9,0.716,1,0,b'0000',b'AB',5,57945.15550711,37136301351000113,14.308,0.027,13.488,0.033,10.326,0.066,8.236,0.222,,,,,,,,0.690996,166.197434
4.3232368,35.7148829,b'00h17m17.58s',b'35d42m53.58s',0.2430,0.2117,0.0157,14.573,0.076,14.3,1.048,13.587,0.154,7.1,0.799,1,0,b'0000',b'AB',5,58311.57056988,37136301351000113,14.308,0.027,13.488,0.033,10.326,0.066,8.236,0.222,,,,,,,,0.697047,83.207651
4.3232492,35.7148306,b'00h17m17.58s',b'35d42m53.39s',0.2685,0.2313,-0.0887,14.551,0.103,10.6,1.837,13.537,0.152,7.1,0.805,1,0,b'0000',b'AB',5,56663.41958300,37136301351000113,14.308,0.027,13.488,0.033,10.326,0.066,8.236,0.222,,,,,,,,0.736051,98.267409
4.3230893,35.7150574,b'00h17m17.54s',b'35d42m54.21s',0.2523,0.2823,-0.1216,14.627,0.096,11.3,0.516,13.462,0.127,8.6,0.757,1,0,b'0000',b'AB',5,58676.00426510,37136301351000113,14.308,0.027,13.488,0.033,10.326,0.066,8.236,0.222,,,,,,,,0.757063,20.168368
4.3232486,35.7147843,b'00h17m17.58s',b'35d42m53.22s',0.3061,0.2612,-0.1597,14.535,0.087,12.5,1.306,13.610,0.180,6.0,0.874,1,0,b'0000',b'AB',5,59040.64525000,37136301351000113,14.308,0.027,13.488,0.033,10.326,0.066,8.236,0.222,,,,,,,,0.776067,110.557861
4.3232359,35.7147155,b'00h17m17.58s',b'35d42m52.98s',0.1625,0.1841,-0.1030,14.290,0.063,17.1,0.840,13.647,0.102,10.7,0.901,1,0,b'0000',b'AA',10,56663.22195422,37136301351000113,14.308,0.027,13.488,0.033,10.326,0.066,8.236,0.222,,,,,,,,0.863743,127.031981
4.3229817,35.7151006,b'00h17m17.52s',b'35d42m54.36s',0.1706,0.1971,-0.0627,14.506,0.071,15.4,1.193,13.331,0.102,10.6,0.833,1,0,b'0000',b'AA',10,57748.62399360,37136301351000113,14.308,0.027,13.488,0.033,10.326,0.066,8.236,0.222,,,,,,,,0.867808,356.466173
4.3232284,35.7150319,b'00h17m17.57s',b'35d42m54.11s',0.2671,0.2442,-0.0258,14.619,0.083,13.1,1.031,13.706,0.184,5.9,0.454,1,0,b'0000',b'AB',5,59043.32685503,37136301351000113,14.308,0.027,13.488,0.033,10.326,0.066,8.236,0.222,,,,,,,,0.910305,47.170681
4.3231909,35.7150612,b'00h17m17.57s',b'35d42m54.22s',0.2764,0.2704,0.0281,14.665,0.092,11.8,1.203,13.917,0.204,5.3,0.942,1,0,b'0000',b'AB',5,58312.55209029,37136301351000113,14.308,0.027,13.488,0.033,10.326,0.066,8.236,0.222,,,,,,,,0.914328,37.60938
4.3233127,35.7149149,b'00h17m17.60s',b'35d42m53.69s',0.2646,0.2697,-0.1516,14.522,0.101,10.7,1.069,13.710,0.122,8.9,0.865,1,0,b'0000',b'AB',5,58311.83224913,37136301351000113,14.308,0.027,13.488,0.033,10.326,0.066,8.236,0.222,,,,,,,,0.935133,77.798442
4.3226771,35.7147993,b'00h17m17.44s',b'35d42m53.28s',0.2673,0.2771,-0.0830,14.523,0.083,13.1,2.118,13.737,0.159,6.8,1.329,1,0,b'0000',b'AB',0,59040.77602582,37136301351000113,14.308,0.027,13.488,0.033,10.326,0.066,8.236,0.222,,,,,,,,0.968789,256.964289
4.3231679,35.7150978,b'00h17m17.56s',b'35d42m54.35s',0.2693,0.2829,-0.1330,14.895,0.101,10.8,3.734,13.613,0.151,7.2,0.718,1,0,b'0000',b'AB',0,59039.79514354,37136301351000113,14.308,0.027,13.488,0.033,10.326,0.066,8.236,0.222,,,,,,,,0.986774,29.824232
4.3233270,35.7149372,b'00h17m17.60s',b'35d42m53.77s',0.2780,0.3021,-0.1333,14.429,0.111,9.7,1.182,13.193,0.135,8.0,0.291,1,0,b'0000',b'BB',10,58676.59294745,37136301351000113,14.308,0.027,13.488,0.033,10.326,0.066,8.236,0.222,,,,,,,,0.995391,73.787044
4.3233193,35.7150034,b'00h17m17.60s',b'35d42m54.01s',0.3237,0.2735,-0.0725,14.840,0.109,10.0,1.932,14.049,0.183,5.9,1.365,1,0,b'0000',b'AB',0,59040.90692902,37136301351000113,14.308,0.027,13.488,0.033,10.326,0.066,8.236,0.222,,,,,,,,1.066561,61.051404
4.3258455,35.7150542,b'00h17m18.20s',b'35d42m54.20s',0.1628,0.1506,-0.0848,16.205,0.326,3.3,4.377,12.092,0.053,20.4,8.853,1,0,b'0000',b'BA',5,57944.89370652,,,,,,,,,,,,,,,,,8.346591,85.19438
4.3260058,35.7157852,b'00h17m18.24s',b'35d42m56.83s',1.0796,1.1416,-0.1992,15.745,,1.4,0.911,14.709,0.379,2.9,0.752,1,0,b'0000',b'UC',5,58837.03430602,,,,,,,,,,,,,,,,,9.395927,69.237206
4.3200398,35.7135732,b'00h17m16.81s',b'35d42m48.86s',0.9976,0.9305,-0.2175,17.086,,-2.1,1.134,14.458,0.398,2.7,0.688,1,0,b'0000',b'UC',10,58836.83807823,,,,,,,,,,,,,,,,,9.814653,241.836905
4.3244299,35.7173323,b'00h17m17.86s',b'35d43m02.40s',1.0821,0.9509,-0.2274,17.179,,-1.5,1.018,14.840,0.348,3.1,0.842,1,0,b'0000',b'UB',10,57389.69434053,,,,,,,,,,,,,,,,,9.832749,25.153795
