ra,dec,clon,clat,sigra,sigdec,sigradec,w1mpro,w1sigmpro,w1snr,w1rchi2,w2mpro,w2sigmpro,w2snr,w2rchi2,nb,na,cc_flags,ph_qual,qual_frame,mjd,allwise_cntr,w1mpro_allwise,w1sigmpro_allwise,w2mpro_allwise,w2sigmpro_allwise,w3mpro_allwise,w3sigmpro_allwise,w4mpro_allwise,w4sigmpro_allwise,tmass_key,j_m_2mass,j_msig_2mass,h_m_2mass,h_msig_2mass,k_m_2mass,k_msig_2mass,dist,angle
133.9899673,35.4841677,b'08h55m57.59s',b'35d29m03.00s',0.2714,0.2305,0.0692,14.345,0.084,12.9,1.035,13.479,0.152,7.1,0.502,1,0,b'0000',b'AB',10,58423.01218324,1334134801351051860,14.324,0.027,13.377,0.031,10.357,0.071,7.987,0.193,621396027,17.191,0.2633,15.941,,15.120,0.1322,0.023001,111.15299
133.9899586,35.4841637,b'08h55m57.59s',b'35d29m02.99s',0.1607,0.1839,-0.0408,14.330,0.064,17.0,2.128,13.483,0.142,7.6,0.661,1,0,b'0000',b'AB',10,56962.48396218,1334134801351051860,14.324,0.027,13.377,0.031,10.357,0.071,7.987,0.193,621396027,17.191,0.2633,15.941,,15.120,0.1322,0.023001,190.2567
133.9899584,35.4841615,b'08h55m57.59s',b'35d29m02.98s',0.1570,0.1848,-0.0623,14.337,0.063,17.2,1.073,13.516,0.095,11.4,0.944,1,0,b'0000',b'AA',10,57691.26844236,1334134801351051860,14.324,0.027,13.377,0.031,10.357,0.071,7.987,0.193,621396027,17.191,0.2633,15.941,,15.120,0.1322,0.030889,188.714219
133.9899711,35.4841679,b'08h55m57.59s',b'35d29m03.00s',0.1780,0.1949,-0.0574,14.355,0.062,17.4,1.122,13.602,0.117,9.3,0.531,1,0,b'0000',b'AB',5,58419.87075736,1334134801351051860,14.324,0.027,13.377,0.031,10.357,0.071,7.987,0.193,621396027,17.191,0.2633,15.941,,15.120,0.1322,0.033388,103.080053
133.9899415,35.4841708,b'08h55m57.59s',b'35d29m03.01s',0.1469,0.1688,0.0417,14.299,0.060,18.0,0.885,13.491,0.099,10.9,0.881,1,0,b'0000',b'AA',10,58420.13256411,1334134801351051860,14.324,0.027,13.377,0.031,10.357,0.071,7.987,0.193,621396027,17.191,0.2633,15.941,,15.120,0.1322,0.05429,273.039921
133.9899596,35.4841510,b'08h55m57.59s',b'35d29m02.94s',0.1627,0.1719,-0.0406,14.328,0.062,17.5,0.474,13.500,0.116,9.4,0.624,1,0,b'0000',b'AB',10,57691.79256742,1334134801351051860,14.324,0.027,13.377,0.031,10.357,0.071,7.987,0.193,621396027,17.191,0.2633,15.941,,15.120,0.1322,0.068383,180.982106
133.9899677,35.4841886,b'08h55m57.59s',b'35d29m03.08s',0.1552,0.1785,-0.0230,14.373,0.063,17.3,0.678,13.392,0.115,9.5,0.783,1,0,b'0000',b'AB',10,57691.33402167,1334134801351051860,14.324,0.027,13.377,0.031,10.357,0.071,7.987,0.193,621396027,17.191,0.2633,15.941,,15.120,0.1322,0.070692,18.628583
133.9899377,35.4841617,b'08h55m57.59s',b'35d29m02.98s',0.1384,0.1690,-0.0228,14.324,0.061,17.8,0.790,13.272,0.084,12.9,0.833,1,0,b'0000',b'AA',10,58786.95126819,1334134801351051860,14.324,0.027,13.377,0.031,10.357,0.071,7.987,0.193,621396027,17.191,0.2633,15.941,,15.120,0.1322,0.071885,245.435346
133.9899564,35.4841907,b'08h55m57.59s',b'35d29m03.09s',0.1543,0.1589,-0.0571,14.215,0.056,19.3,0.702,13.233,0.083,13.1,0.541,1,0,b'0000',b'AA',10,56771.09186914,1334134801351051860,14.324,0.027,13.377,0.031,10.357,0.071,7.987,0.193,621396027,17.191,0.2633,15.941,,15.120,0.1322,0.075287,351.939759
133.9899323,35.4841737,b'08h55m57.58s',b'35d29m03.03s',0.1559,0.1758,-0.0355,14.257,0.060,18.0,0.581,13.467,0.105,10.3,0.856,1,0,b'0000',b'AA',5,58787.01671988,1334134801351051860,14.324,0.027,13.377,0.031,10.357,0.071,7.987,0.193,621396027,17.191,0.2633,15.941,,15.120,0.1322,0.082301,279.315852
133.9899356,35.4841570,b'08h55m57.58s',b'35d29m02.97s',0.1639,0.1690,-0.0559,14.235,0.058,18.7,1.074,13.522,0.102,10.7,0.518,1,0,b'0000',b'AA',10,58786.55830351,1334134801351051860,14.324,0.027,13.377,0.031,10.357,0.071,7.987,0.193,621396027,17.191,0.2633,15.941,,15.120,0.1322,0.085455,236.802983
133.9899857,35.4841849,b'08h55m57.60s',b'35d29m03.07s',0.1389,0.1646,-0.0393,14.229,0.060,18.0,0.412,13.187,0.077,14.1,0.505,1,0,b'0000',b'AA',10,58944.81958407,1334134801351051860,14.324,0.027,13.377,0.031,10.357,0.071,7.987,0.193,621396027,17.191,0.2633,15.941,,15.120,0.1322,0.092463,54.549027
133.9899911,35.4841653,b'08h55m57.60s',b'35d29m03.00s',0.1712,0.1980,-0.0654,14.441,0.069,15.8,0.926,13.528,0.105,10.3,0.547,1,0,b'0000',b'AA',5,59151.03193466,1334134801351051860,14.324,0.027,13.377,0.031,10.357,0.071,7.987,0.193,621396027,17.191,0.2633,15.941,,15.120,0.1322,0.092718,100.514159
133.9899770,35.4841933,b'08h55m57.59s',b'35d29m03.10s',0.1876,0.2041,-0.0421,14.336,0.070,15.6,0.775,13.638,0.160,6.8,0.483,1,0,b'0000',b'AB',10,57324.53656287,1334134801351051860,14.324,0.027,13.377,0.031,10.357,0.071,7.987,0.193,621396027,17.191,0.2633,15.941,,15.120,0.1322,0.097583,30.71483
133.9899947,35.4841725,b'08h55m57.60s',b'35d29m03.02s',0.1670,0.1819,-0.0277,14.276,0.065,16.7,0.913,13.444,0.105,10.4,0.483,1,0,b'0000',b'AA',10,58055.40578556,1334134801351051860,14.324,0.027,13.377,0.031,10.357,0.071,7.987,0.193,621396027,17.191,0.2633,15.941,,15.120,0.1322,0.102124,84.943698
133.9899256,35.4841647,b'08h55m57.58s',b'35d29m02.99s',0.1961,0.1851,0.0499,14.187,0.071,15.4,0.629,13.678,0.147,7.4,0.645,1,0,b'0000',b'AB',10,58419.54362571,1334134801351051860,14.324,0.027,13.377,0.031,10.357,0.071,7.987,0.193,621396027,17.191,0.2633,15.941,,15.120,0.1322,0.102632,259.285694
133.9899842,35.4841916,b'08h55m57.60s',b'35d29m03.09s',0.1444,0.1628,-0.0154,14.259,0.056,19.3,0.954,13.500,0.115,9.4,1.042,1,0,b'0000',b'AB',10,56771.42091056,1334134801351051860,14.324,0.027,13.377,0.031,10.357,0.071,7.987,0.193,621396027,17.191,0.2633,15.941,,15.120,0.1322,0.105267,42.373894
133.9899430,35.4841431,b'08h55m57.59s',b'35d29m02.92s',0.1665,0.1826,-0.0722,14.296,0.059,18.5,1.208,13.355,0.131,8.3,0.523,1,0,b'0000',b'AB',5,58577.13876439,1334134801351051860,14.324,0.027,13.377,0.031,10.357,0.071,7.987,0.193,621396027,17.191,0.2633,15.941,,15.120,0.1322,0.108928,207.230276
133.9899477,35.4841987,b'08h55m57.59s',b'35d29m03.12s',0.1390,0.1497,0.0498,14.212,0.069,15.8,0.557,13.244,0.067,16.1,0.994,1,0,b'0000',b'AA',5,57488.80065978,1334134801351051860,14.324,0.027,13.377,0.031,10.357,0.071,7.987,0.193,621396027,17.191,0.2633,15.941,,15.120,0.1322,0.109447,340.762276
133.9899851,35.4841949,b'08h55m57.60s',b'35d29m03.10s',0.1957,0.1911,-0.0955,14.268,0.065,16.6,0.990,13.446,0.125,8.7,0.726,1,0,b'0000',b'AB',10,58055.27488211,1334134801351051860,14.324,0.027,13.377,0.031,10.357,0.071,7.987,0.193,621396027,17.191,0.2633,15.941,,15.120,0.1322,0.115985,39.379696
133.9899992,35.4841801,b'08h55m57.60s',b'35d29m03.05s',0.1335,0.1522,0.0164,14.219,0.057,19.0,0.963,13.480,0.095,11.5,0.689,1,0,b'0000',b'AA',10,56962.22100933,1334134801351051860,14.324,0.027,13.377,0.031,10.357,0.071,7.987,0.193,621396027,17.191,0.2633,15.941,,15.120,0.1322,0.120538,72.441583
133.9900010,35.4841647,b'08h55m57.60s',b'35d29m02.99s',0.1481,0.1628,-0.0586,14.175,0.056,19.5,1.324,13.300,0.086,12.6,0.893,1,0,b'0000',b'AA',5,58786.29713356,1334134801351051860,14.324,0.027,13.377,0.031,10.357,0.071,7.987,0.193,621396027,17.191,0.2633,15.941,,15.120,0.1322,0.121708,99.020556
133.9899185,35.4841718,b'08h55m57.58s',b'35d29m03.02s',0.1874,0.2068,0.0256,14.360,0.084,13.0,0.393,13.304,0.092,11.8,0.702,1,0,b'0000',b'AA',10,58420.26334002,1334134801351051860,14.324,0.027,13.377,0.031,10.357,0.071,7.987,0.193,621396027,17.191,0.2633,15.941,,15.120,0.1322,0.121824,273.049067
133.9899407,35.4841396,b'08h55m57.59s',b'35d29m02.90s',0.1659,0.1709,-0.0420,14.286,0.061,17.9,1.474,13.520,0.100,10.9,0.902,1,0,b'0000',b'AA',5,57323.94635243,1334134801351051860,14.324,0.027,13.377,0.031,10.357,0.071,7.987,0.193,621396027,17.191,0.2633,15.941,,15.120,0.1322,0.123212,207.337078
133.9900013,35.4841793,b'08h55m57.60s',b'35d29m03.05s',0.1660,0.2106,-0.0650,14.301,0.067,16.2,0.596,13.526,0.107,10.1,0.475,1,0,b'0000',b'AA',10,56962.35242209,1334134801351051860,14.324,0.027,13.377,0.031,10.357,0.071,7.987,0.193,621396027,17.191,0.2633,15.941,,15.120,0.1322,0.125604,74.541623
133.9899646,35.4842050,b'08h55m57.59s',b'35d29m03.14s',0.1360,0.1504,0.0183,14.110,0.055,19.6,0.996,13.288,0.100,10.8,0.568,1,0,b'0000',b'AA',10,58786.82049222,1334134801351051860,14.324,0.027,13.377,0.031,10.357,0.071,7.987,0.193,621396027,17.191,0.2633,15.941,,15.120,0.1322,0.126727,6.108492
133.9899872,35.4841985,b'08h55m57.60s',b'35d29m03.11s',0.1659,0.1764,-0.0555,14.290,0.065,16.7,0.987,13.435,0.092,11.8,1.087,1,0,b'0000',b'AA',5,57323.81519418,1334134801351051860,14.324,0.027,13.377,0.031,10.357,0.071,7.987,0.193,621396027,17.191,0.2633,15.941,,15.120,0.1322,0.129929,37.851964
133.9899553,35.4842070,b'08h55m57.59s',b'35d29m03.15s',0.1558,0.1720,-0.0401,14.239,0.058,18.8,1.242,13.380,0.103,10.5,0.802,1,0,b'0000',b'AA',5,58786.88581650,1334134801351051860,14.324,0.027,13.377,0.031,10.357,0.071,7.987,0.193,621396027,17.191,0.2633,15.941,,15.120,0.1322,0.133904,354.094611
133.9899811,35.4842042,b'08h55m57.60s',b'35d29m03.14s',0.1518,0.1823,0.0487,14.270,0.068,15.9,1.083,13.397,0.099,11.0,0.621,1,0,b'0000',b'AA',10,58055.53681627,1334134801351051860,14.324,0.027,13.377,0.031,10.357,0.071,7.987,0.193,621396027,17.191,0.2633,15.941,,15.120,0.1322,0.137798,26.673795
133.9899288,35.4842003,b'08h55m57.58s',b'35d29m03.12s',0.1456,0.1631,-0.0306,14.161,0.059,18.5,0.796,13.347,0.091,12.0,0.542,1,0,b'0000',b'AA',10,58212.53770368,1334134801351051860,14.324,0.027,13.377,0.031,10.357,0.071,7.987,0.193,621396027,17.191,0.2633,15.941,,15.120,0.1322,0.14235,320.021448
133.9899417,35.4842070,b'08h55m57.59s',b'35d29m03.15s',0.1785,0.1848,-0.0595,14.355,0.066,16.5,0.923,13.303,0.100,10.9,0.290,1,0,b'0000',b'AA',10,59151.09725894,1334134801351051860,14.324,0.027,13.377,0.031,10.357,0.071,7.987,0.193,621396027,17.191,0.2633,15.941,,15.120,0.1322,0.143606,338.063566
133.9899103,35.4841662,b'08h55m57.58s',b'35d29m03.00s',0.1822,0.2207,-0.0838,14.424,0.069,15.7,1.485,13.584,0.105,10.4,0.471,1,0,b'0000',b'AA',5,59150.57415495,1334134801351051860,14.324,0.027,13.377,0.031,10.357,0.071,7.987,0.193,621396027,17.191,0.2633,15.941,,15.120,0.1322,0.146343,264.635793
133.9899105,35.4841759,b'08h55m57.58s',b'35d29m03.03s',0.1424,0.1879,-0.0136,14.318,0.064,16.9,0.682,13.384,0.084,12.9,0.994,1,0,b'0000',b'AA',5,57852.29153449,1334134801351051860,14.324,0.027,13.377,0.031,10.357,0.071,7.987,0.193,621396027,17.191,0.2633,15.941,,15.120,0.1322,0.146665,278.327703
133.9899768,35.4841314,b'08h55m57.59s',b'35d29m02.87s',0.1703,0.2380,-0.0556,14.315,0.080,13.6,0.785,13.361,0.092,11.8,0.654,1,0,b'0000',b'AA',10,58786.42790954,1334134801351051860,14.324,0.027,13.377,0.031,10.357,0.071,7.987,0.193,621396027,17.191,0.2633,15.941,,15.120,0.1322,0.147436,160.48567
133.9899597,35.4841287,b'08h55m57.59s',b'35d29m02.86s',0.1528,0.2156,0.0324,14.369,0.080,13.5,0.807,13.328,0.080,13.5,1.111,1,0,b'0000',b'AA',5,56771.15770289,1334134801351051860,14.324,0.027,13.377,0.031,10.357,0.071,7.987,0.193,621396027,17.191,0.2633,15.941,,15.120,0.1322,0.14868,180.338891
133.9899274,35.4842041,b'08h55m57.58s',b'35d29m03.13s',0.1728,0.2169,-0.0156,14.296,0.069,15.8,1.412,13.676,0.126,8.6,1.040,1,0,b'0000',b'AB',10,57324.79887934,1334134801351051860,14.324,0.027,13.377,0.031,10.357,0.071,7.987,0.193,621396027,17.191,0.2633,15.941,,15.120,0.1322,0.155573,322.10078
133.9899227,35.4841390,b'08h55m57.58s',b'35d29m02.90s',0.1581,0.1813,-0.0698,14.148,0.063,17.1,0.673,13.544,0.101,10.8,0.775,1,0,b'0000',b'AA',10,58576.74618131,1334134801351051860,14.324,0.027,13.377,0.031,10.357,0.071,7.987,0.193,621396027,17.191,0.2633,15.941,,15.120,0.1322,0.15624,224.414212
133.9899040,35.4841637,b'08h55m57.58s',b'35d29m02.99s',0.1565,0.1859,-0.0461,14.196,0.059,18.3,0.516,13.093,0.114,9.5,0.631,1,0,b'0000',b'AB',5,58941.55018175,1334134801351051860,14.324,0.027,13.377,0.031,10.357,0.071,7.987,0.193,621396027,17.191,0.2633,15.941,,15.120,0.1322,0.165717,262.133855
133.9899321,35.4841299,b'08h55m57.58s',b'35d29m02.87s',0.1652,0.1791,-0.0609,14.437,0.067,16.3,0.876,13.481,0.092,11.8,0.461,1,0,b'0000',b'AA',10,57488.53859727,1334134801351051860,14.324,0.027,13.377,0.031,10.357,0.071,7.987,0.193,621396027,17.191,0.2633,15.941,,15.120,0.1322,0.165917,209.533351
133.9899607,35.4842166,b'08h55m57.59s',b'35d29m03.18s',0.1671,0.1729,-0.0580,14.287,0.060,18.1,0.743,13.481,0.099,11.0,0.409,1,0,b'0000',b'AA',5,57690.94092785,1334134801351051860,14.324,0.027,13.377,0.031,10.357,0.071,7.987,0.193,621396027,17.191,0.2633,15.941,,15.120,0.1322,0.167785,0.700784
133.9899025,35.4841678,b'08h55m57.58s',b'35d29m03.00s',0.1572,0.1925,0.0218,14.334,0.067,16.3,0.902,13.514,0.092,11.7,0.849,1,0,b'0000',b'AA',5,57488.86623910,1334134801351051860,14.324,0.027,13.377,0.031,10.357,0.071,7.987,0.193,621396027,17.191,0.2633,15.941,,15.120,0.1322,0.16874,267.309804
133.9900039,35.4841376,b'08h55m57.60s',b'35d29m02.90s',0.1812,0.1823,-0.0654,14.246,0.061,17.7,0.810,13.610,0.142,7.6,1.140,1,0,b'0000',b'AB',10,56771.02603545,1334134801351051860,14.324,0.027,13.377,0.031,10.357,0.071,7.987,0.193,621396027,17.191,0.2633,15.941,,15.120,0.1322,0.173678,132.188421
133.9899038,35.4841546,b'08h55m57.58s',b'35d29m02.96s',0.1945,0.2553,-0.0452,14.303,0.095,11.4,0.414,13.285,0.112,9.7,0.687,1,0,b'0000',b'AB',10,57129.65704426,1334134801351051860,14.324,0.027,13.377,0.031,10.357,0.071,7.987,0.193,621396027,17.191,0.2633,15.941,,15.120,0.1322,0.173814,251.400825
133.9900183,35.4841800,b'08h55m57.60s',b'35d29m03.05s',0.1568,0.1779,-0.0256,14.346,0.063,17.2,1.165,13.452,0.092,11.8,0.328,1,0,b'0000',b'AA',10,56962.81274874,1334134801351051860,14.324,0.027,13.377,0.031,10.357,0.071,7.987,0.193,621396027,17.191,0.2633,15.941,,15.120,0.1322,0.174654,78.104582
133.9899079,35.4841942,b'08h55m57.58s',b'35d29m03.10s',0.1437,0.1684,-0.0258,14.322,0.061,17.8,0.969,13.484,0.090,12.1,0.557,1,0,b'0000',b'AA',5,58577.20370675,1334134801351051860,14.324,0.027,13.377,0.031,10.357,0.071,7.987,0.193,621396027,17.191,0.2633,15.941,,15.120,0.1322,0.175813,299.701961
133.9899326,35.4842135,b'08h55m57.58s',b'35d29m03.17s',0.2041,0.2104,-0.1138,14.455,0.074,14.7,1.068,13.608,0.095,11.5,0.580,1,0,b'0000',b'AA',10,57489.39049148,1334134801351051860,14.324,0.027,13.377,0.031,10.357,0.071,7.987,0.193,621396027,17.191,0.2633,15.941,,15.120,0.1322,0.176001,332.846716
133.9899099,35.4841978,b'08h55m57.58s',b'35d29m03.11s',0.2047,0.2065,0.0902,14.326,0.078,13.9,1.129,13.470,0.116,9.4,0.464,1,0,b'0000',b'AB',10,59151.29348666,1334134801351051860,14.324,0.027,13.377,0.031,10.357,0.071,7.987,0.193,621396027,17.191,0.2633,15.941,,15.120,0.1322,0.177711,304.272584
133.9900154,35.4841906,b'08h55m57.60s',b'35d29m03.09s',0.2124,0.2210,-0.0784,14.389,0.074,14.8,0.906,13.580,0.162,6.7,0.798,1,0,b'0000',b'AB',0,58944.55803194,1334134801351051860,14.324,0.027,13.377,0.031,10.357,0.071,7.987,0.193,621396027,17.191,0.2633,15.941,,15.120,0.1322,0.178533,65.456052
133.9899038,35.4841915,b'08h55m57.58s',b'35d29m03.09s',0.1590,0.1923,-0.0314,14.286,0.066,16.6,1.248,13.427,0.127,8.6,0.994,1,0,b'0000',b'AB',5,58941.35395075,1334134801351051860,14.324,0.027,13.377,0.031,10.357,0.071,7.987,0.193,621396027,17.191,0.2633,15.941,,15.120,0.1322,0.182017,295.165048
133.9899092,35.4841993,b'08h55m57.58s',b'35d29m03.12s',0.1621,0.1739,-0.0576,14.225,0.061,17.7,1.144,13.380,0.090,12.1,0.730,1,0,b'0000',b'AA',5,57852.68437333,1334134801351051860,14.324,0.027,13.377,0.031,10.357,0.071,7.987,0.193,621396027,17.191,0.2633,15.941,,15.120,0.1322,0.182484,305.310899
133.9899011,35.4841507,b'08h55m57.58s',b'35d29m02.94s',0.1646,0.1701,-0.0588,14.330,0.062,17.5,1.351,13.339,0.091,12.0,0.848,1,0,b'0000',b'AA',10,57130.37917911,1334134801351051860,14.324,0.027,13.377,0.031,10.357,0.071,7.987,0.193,621396027,17.191,0.2633,15.941,,15.120,0.1322,0.186123,248.079597
133.9898985,35.4841507,b'08h55m57.58s',b'35d29m02.94s',0.1783,0.1898,-0.0551,14.062,0.070,15.5,0.752,13.320,0.190,5.7,0.620,1,0,b'0000',b'AB',5,58944.10025207,1334134801351051860,14.324,0.027,13.377,0.031,10.357,0.071,7.987,0.193,621396027,17.191,0.2633,15.941,,15.120,0.1322,0.193196,248.923407
133.9900032,35.4841280,b'08h55m57.60s',b'35d29m02.86s',0.1994,0.2034,-0.0834,14.378,0.067,16.1,1.270,13.581,0.142,7.6,0.807,1,0,b'0000',b'AB',10,57691.07195918,1334134801351051860,14.324,0.027,13.377,0.031,10.357,0.071,7.987,0.193,621396027,17.191,0.2633,15.941,,15.120,0.1322,0.197237,140.052427
133.9899196,35.4842140,b'08h55m57.58s',b'35d29m03.17s',0.1632,0.1915,0.0234,14.250,0.067,16.3,0.600,13.531,0.114,9.6,0.612,1,0,b'0000',b'AB',10,57488.99727038,1334134801351051860,14.324,0.027,13.377,0.031,10.357,0.071,7.987,0.193,621396027,17.191,0.2633,15.941,,15.120,0.1322,0.197787,323.216269
133.9899363,35.4841156,b'08h55m57.58s',b'35d29m02.82s',0.1544,0.1757,-0.0571,14.221,0.058,18.7,0.716,13.523,0.112,9.7,0.647,1,0,b'0000',b'AB',10,57324.07751073,1334134801351051860,14.324,0.027,13.377,0.031,10.357,0.071,7.987,0.193,621396027,17.191,0.2633,15.941,,15.120,0.1322,0.207803,199.532097
133.9899521,35.4842280,b'08h55m57.59s',b'35d29m03.22s',0.1282,0.1606,-0.0338,14.139,0.055,19.8,1.350,13.339,0.086,12.6,0.999,1,0,b'0000',b'AA',5,58212.86483537,1334134801351051860,14.324,0.027,13.377,0.031,10.357,0.071,7.987,0.193,621396027,17.191,0.2633,15.941,,15.120,0.1322,0.210086,353.671196
133.9899158,35.4842163,b'08h55m57.58s',b'35d29m03.18s',0.1635,0.1784,-0.0606,14.263,0.066,16.4,0.905,13.352,0.101,10.8,0.911,1,0,b'0000',b'AA',10,59150.96648296,1334134801351051860,14.324,0.027,13.377,0.031,10.357,0.071,7.987,0.193,621396027,17.191,0.2633,15.941,,15.120,0.1322,0.211117,322.14055
133.9900199,35.4841364,b'08h55m57.60s',b'35d29m02.89s',0.1683,0.1820,-0.0615,14.315,0.060,18.2,0.824,13.524,0.102,10.6,1.013,1,0,b'0000',b'AA',10,56961.95792909,1334134801351051860,14.324,0.027,13.377,0.031,10.357,0.071,7.987,0.193,621396027,17.191,0.2633,15.941,,15.120,0.1322,0.213232,124.561989
133.9899573,35.4842294,b'08h55m57.59s',b'35d29m03.23s',0.1586,0.1719,-0.0321,14.337,0.060,18.0,0.729,13.471,0.089,12.2,0.754,1,0,b'0000',b'AA',10,58213.38844973,1334134801351051860,14.324,0.027,13.377,0.031,10.357,0.071,7.987,0.193,621396027,17.191,0.2633,15.941,,15.120,0.1322,0.213984,357.880307
133.9899136,35.4841219,b'08h55m57.58s',b'35d29m02.84s',0.1906,0.2228,-0.0899,14.334,0.078,14.0,0.366,13.467,0.112,9.7,1.626,1,0,b'0000',b'AB',5,57130.24789347,1334134801351051860,14.324,0.027,13.377,0.031,10.357,0.071,7.987,0.193,621396027,17.191,0.2633,15.941,,15.120,0.1322,0.220185,218.149548
133.9900077,35.4842173,b'08h55m57.60s',b'35d29m03.18s',0.1449,0.1720,0.0425,14.303,0.061,17.9,0.732,13.471,0.092,11.8,0.939,1,0,b'0000',b'AA',10,56962.41825582,1334134801351051860,14.324,0.027,13.377,0.031,10.357,0.071,7.987,0.193,621396027,17.191,0.2633,15.941,,15.120,0.1322,0.220336,39.391517
133.9899211,35.4842229,b'08h55m57.58s',b'35d29m03.20s',0.1709,0.2016,-0.0674,14.288,0.067,16.2,0.732,13.837,0.211,5.1,0.527,1,0,b'0000',b'AB',10,58055.66771963,1334134801351051860,14.324,0.027,13.377,0.031,10.357,0.071,7.987,0.193,621396027,17.191,0.2633,15.941,,15.120,0.1322,0.22198,329.087791
133.9899106,35.4842193,b'08h55m57.58s',b'35d29m03.19s',0.1491,0.1699,-0.0570,14.264,0.059,18.3,0.625,13.345,0.086,12.7,0.510,1,0,b'0000',b'AA',10,58577.72757516,1334134801351051860,14.324,0.027,13.377,0.031,10.357,0.071,7.987,0.193,621396027,17.191,0.2633,15.941,,15.120,0.1322,0.229059,320.788068
133.9898890,35.4841433,b'08h55m57.57s',b'35d29m02.92s',0.1531,0.1792,-0.0530,14.174,0.057,18.9,0.754,13.508,0.137,7.9,0.401,1,0,b'0000',b'AB',5,58577.46538625,1334134801351051860,14.324,0.027,13.377,0.031,10.357,0.071,7.987,0.193,621396027,17.191,0.2633,15.941,,15.120,0.1322,0.229245,245.211156
133.9898838,35.4841534,b'08h55m57.57s',b'35d29m02.95s',0.1914,0.2063,-0.0644,14.371,0.068,16.0,1.457,13.506,0.138,7.8,0.552,1,0,b'0000',b'AB',5,58944.68880801,1334134801351051860,14.324,0.027,13.377,0.031,10.357,0.071,7.987,0.193,621396027,17.191,0.2633,15.941,,15.120,0.1322,0.231235,255.022138
133.9899280,35.4842288,b'08h55m57.58s',b'35d29m03.22s',0.1728,0.1902,-0.0589,14.225,0.066,16.5,0.609,13.644,0.128,8.5,0.565,1,0,b'0000',b'AB',5,58786.68958884,1334134801351051860,14.324,0.027,13.377,0.031,10.357,0.071,7.987,0.193,621396027,17.191,0.2633,15.941,,15.120,0.1322,0.231541,336.099808
133.9898971,35.4842097,b'08h55m57.58s',b'35d29m03.15s',0.1893,0.2212,0.0351,14.325,0.072,15.1,0.403,13.426,0.132,8.2,0.671,1,0,b'0000',b'AB',5,58943.96947596,1334134801351051860,14.324,0.027,13.377,0.031,10.357,0.071,7.987,0.193,621396027,17.191,0.2633,15.941,,15.120,0.1322,0.233289,307.779961
133.9899509,35.4842351,b'08h55m57.59s',b'35d29m03.25s',0.1513,0.1889,-0.0107,14.403,0.063,17.2,1.555,13.433,0.098,11.1,0.904,1,0,b'0000',b'AA',0,58419.93620899,1334134801351051860,14.324,0.027,13.377,0.031,10.357,0.071,7.987,0.193,621396027,17.191,0.2633,15.941,,15.120,0.1322,0.235866,353.506345
133.9899056,35.4842187,b'08h55m57.58s',b'35d29m03.19s',0.1447,0.1659,-0.0310,14.229,0.059,18.5,0.617,13.345,0.113,9.6,0.900,1,0,b'0000',b'AB',10,58944.16570378,1334134801351051860,14.324,0.027,13.377,0.031,10.357,0.071,7.987,0.193,621396027,17.191,0.2633,15.941,,15.120,0.1322,0.237005,317.710955
133.9898830,35.4841936,b'08h55m57.57s',b'35d29m03.10s',0.1611,0.1884,-0.0707,14.347,0.064,17.1,1.090,13.449,0.090,12.0,0.602,1,0,b'0000',b'AA',10,56770.96020175,1334134801351051860,14.324,0.027,13.377,0.031,10.357,0.071,7.987,0.193,621396027,17.191,0.2633,15.941,,15.120,0.1322,0.241174,290.626366
133.9900192,35.4842166,b'08h55m57.60s',b'35d29m03.18s',0.1788,0.1967,-0.0712,14.371,0.074,14.7,2.172,13.431,0.117,9.3,0.476,1,0,b'0000',b'AB',5,58212.93028719,1334134801351051860,14.324,0.027,13.377,0.031,10.357,0.071,7.987,0.193,621396027,17.191,0.2633,15.941,,15.120,0.1322,0.241369,45.96995
133.9899625,35.4842371,b'08h55m57.59s',b'35d29m03.25s',0.1559,0.1753,-0.0355,14.175,0.058,18.9,0.717,13.365,0.099,11.0,0.476,1,0,b'0000',b'AA',10,57324.40540703,1334134801351051860,14.324,0.027,13.377,0.031,10.357,0.071,7.987,0.193,621396027,17.191,0.2633,15.941,,15.120,0.1322,0.241663,1.737713
133.9900343,35.4841997,b'08h55m57.61s',b'35d29m03.12s',0.1537,0.1820,-0.0655,14.346,0.068,15.9,0.796,13.352,0.082,13.3,1.060,1,0,b'0000',b'AA',10,58577.26954046,1334134801351051860,14.324,0.027,13.377,0.031,10.357,0.071,7.987,0.193,621396027,17.191,0.2633,15.941,,15.120,0.1322,0.242638,63.853396
133.9898779,35.4841786,b'08h55m57.57s',b'35d29m03.04s',0.2112,0.2154,-0.0976,14.379,0.073,15.0,0.938,13.487,0.149,7.3,0.826,1,0,b'0000',b'AB',10,58941.48434479,1334134801351051860,14.324,0.027,13.377,0.031,10.357,0.071,7.987,0.193,621396027,17.191,0.2633,15.941,,15.120,0.1322,0.242658,277.330424
133.9898778,35.4841599,b'08h55m57.57s',b'35d29m02.98s',0.2523,0.2174,-0.0864,14.275,0.088,12.4,0.757,13.406,0.142,7.7,0.866,1,0,b'0000',b'AB',5,58941.22317468,1334134801351051860,14.324,0.027,13.377,0.031,10.357,0.071,7.987,0.193,621396027,17.191,0.2633,15.941,,15.120,0.1322,0.243687,261.419054
133.9899656,35.4842376,b'08h55m57.59s',b'35d29m03.26s',0.1403,0.1733,-0.0415,14.358,0.060,18.1,0.640,13.392,0.085,12.8,0.957,1,0,b'0000',b'AA',10,56962.94416145,1334134801351051860,14.324,0.027,13.377,0.031,10.357,0.071,7.987,0.193,621396027,17.191,0.2633,15.941,,15.120,0.1322,0.24392,3.859027
133.9900021,35.4842285,b'08h55m57.60s',b'35d29m03.22s',0.2109,0.2138,0.0250,14.368,0.072,15.0,0.628,13.425,0.106,10.2,1.117,1,0,b'0000',b'AA',10,57852.42243834,1334134801351051860,14.324,0.027,13.377,0.031,10.357,0.071,7.987,0.193,621396027,17.191,0.2633,15.941,,15.120,0.1322,0.244094,30.370293
133.9899421,35.4841036,b'08h55m57.59s',b'35d29m02.77s',0.1755,0.1709,-0.0216,14.292,0.062,17.6,0.879,13.609,0.134,8.1,0.494,1,0,b'0000',b'AB',10,58212.66847997,1334134801351051860,14.324,0.027,13.377,0.031,10.357,0.071,7.987,0.193,621396027,17.191,0.2633,15.941,,15.120,0.1322,0.244732,192.380709
133.9899219,35.4842311,b'08h55m57.58s',b'35d29m03.23s',0.1632,0.1950,0.0231,14.292,0.064,17.1,0.525,13.560,0.121,9.0,0.986,1,0,b'0000',b'AB',5,57329.58653709,1334134801351051860,14.324,0.027,13.377,0.031,10.357,0.071,7.987,0.193,621396027,17.191,0.2633,15.941,,15.120,0.1322,0.246692,333.080548
133.9898936,35.4842134,b'08h55m57.57s',b'35d29m03.17s',0.1349,0.1611,0.0257,14.234,0.056,19.4,0.495,13.414,0.095,11.4,0.672,1,0,b'0000',b'AA',10,56962.41812850,1334134801351051860,14.324,0.027,13.377,0.031,10.357,0.071,7.987,0.193,621396027,17.191,0.2633,15.941,,15.120,0.1322,0.249586,308.753833
133.9898905,35.4842114,b'08h55m57.57s',b'35d29m03.16s',0.1682,0.2023,0.0723,14.116,0.080,13.6,0.730,13.564,0.107,10.1,0.464,1,0,b'0000',b'AA',5,57129.98532211,1334134801351051860,14.324,0.027,13.377,0.031,10.357,0.071,7.987,0.193,621396027,17.191,0.2633,15.941,,15.120,0.1322,0.252427,306.187359
133.9898779,35.4841442,b'08h55m57.57s',b'35d29m02.92s',0.1376,0.1688,0.0602,14.134,0.058,18.8,1.169,13.327,0.101,10.7,0.682,1,0,b'0000',b'AA',5,58419.67452904,1334134801351051860,14.324,0.027,13.377,0.031,10.357,0.071,7.987,0.193,621396027,17.191,0.2633,15.941,,15.120,0.1322,0.257962,248.897088
133.9900060,35.4842311,b'08h55m57.60s',b'35d29m03.23s',0.1672,0.1963,0.0157,14.209,0.061,17.8,0.829,13.635,0.133,8.1,0.769,1,0,b'0000',b'AB',10,57324.20866898,1334134801351051860,14.324,0.027,13.377,0.031,10.357,0.071,7.987,0.193,621396027,17.191,0.2633,15.941,,15.120,0.1322,0.257998,31.509905
133.9898691,35.4841689,b'08h55m57.57s',b'35d29m03.01s',0.1308,0.1533,0.0394,14.253,0.057,19.2,0.524,13.436,0.091,12.0,1.109,1,0,b'0000',b'AA',10,57488.80078714,1334134801351051860,14.324,0.027,13.377,0.031,10.357,0.071,7.987,0.193,621396027,17.191,0.2633,15.941,,15.120,0.1322,0.2665,269.148599
133.9898797,35.4842060,b'08h55m57.57s',b'35d29m03.14s',0.1735,0.2257,0.0700,14.279,0.070,15.6,0.747,13.451,0.100,10.9,0.722,1,0,b'0000',b'AA',5,58787.14749644,1334134801351051860,14.324,0.027,13.377,0.031,10.357,0.071,7.987,0.193,621396027,17.191,0.2633,15.941,,15.120,0.1322,0.268706,298.836047
133.9898874,35.4842195,b'08h55m57.57s',b'35d29m03.19s',0.1937,0.2985,-0.0374,14.161,0.077,14.1,0.484,13.487,0.138,7.9,0.753,1,0,b'0000',b'AB',5,58423.14257778,1334134801351051860,14.324,0.027,13.377,0.031,10.357,0.071,7.987,0.193,621396027,17.191,0.2633,15.941,,15.120,0.1322,0.277577,309.9405
133.9900102,35.4841038,b'08h55m57.60s',b'35d29m02.77s',0.1770,0.1966,-0.0764,14.329,0.064,16.9,0.977,13.441,0.166,6.5,0.747,1,0,b'0000',b'AB',10,59150.83570699,1334134801351051860,14.324,0.027,13.377,0.031,10.357,0.071,7.987,0.193,621396027,17.191,0.2633,15.941,,15.120,0.1322,0.280084,148.305803
133.9900477,35.4841381,b'08h55m57.61s',b'35d29m02.90s',0.1604,0.1739,-0.0122,14.264,0.069,15.6,1.307,13.237,0.095,11.5,0.395,1,0,b'0000',b'AA',5,57329.58666447,1334134801351051860,14.324,0.027,13.377,0.031,10.357,0.071,7.987,0.193,621396027,17.191,0.2633,15.941,,15.120,0.1322,0.281565,114.07046
133.9898757,35.4842075,b'08h55m57.57s',b'35d29m03.15s',0.1527,0.1807,-0.0549,14.369,0.066,16.5,0.503,13.254,0.092,11.8,0.828,1,0,b'0000',b'AA',5,58577.33499218,1334134801351051860,14.324,0.027,13.377,0.031,10.357,0.071,7.987,0.193,621396027,17.191,0.2633,15.941,,15.120,0.1322,0.281581,298.64786
133.9898757,35.4842101,b'08h55m57.57s',b'35d29m03.16s',0.1486,0.1639,-0.0244,14.256,0.057,19.0,1.016,13.539,0.099,10.9,0.887,1,0,b'0000',b'AA',5,57488.66962850,1334134801351051860,14.324,0.027,13.377,0.031,10.357,0.071,7.987,0.193,621396027,17.191,0.2633,15.941,,15.120,0.1322,0.28619,300.292564
133.9898866,35.4842227,b'08h55m57.57s',b'35d29m03.20s',0.1679,0.1820,-0.0642,14.295,0.063,17.2,1.155,13.402,0.095,11.4,0.973,1,0,b'0000',b'AA',10,58786.75504053,1334134801351051860,14.324,0.027,13.377,0.031,10.357,0.071,7.987,0.193,621396027,17.191,0.2633,15.941,,15.120,0.1322,0.286866,311.404103
133.9899457,35.4840909,b'08h55m57.59s',b'35d29m02.73s',0.1786,0.2021,-0.0421,14.282,0.062,17.6,1.284,13.576,0.164,6.6,0.615,1,0,b'0000',b'AB',5,58944.23102814,1334134801351051860,14.324,0.027,13.377,0.031,10.357,0.071,7.987,0.193,621396027,17.191,0.2633,15.941,,15.120,0.1322,0.287836,188.374255
133.9898956,35.4842306,b'08h55m57.57s',b'35d29m03.23s',0.1611,0.1859,-0.0567,14.206,0.058,18.6,0.817,13.586,0.116,9.4,0.799,1,0,b'0000',b'AB',10,57130.05090127,1334134801351051860,14.324,0.027,13.377,0.031,10.357,0.071,7.987,0.193,621396027,17.191,0.2633,15.941,,15.120,0.1322,0.288508,319.129209
133.9899272,35.4842458,b'08h55m57.58s',b'35d29m03.28s',0.1988,0.2289,-0.0200,14.388,0.072,15.1,0.663,13.532,0.161,6.7,0.366,1,0,b'0000',b'AB',10,56962.68120861,1334134801351051860,14.324,0.027,13.377,0.031,10.357,0.071,7.987,0.193,621396027,17.191,0.2633,15.941,,15.120,0.1322,0.289325,340.590028
133.9898915,35.4842281,b'08h55m57.57s',b'35d29m03.22s',0.1278,0.1540,0.0390,14.260,0.056,19.4,1.215,13.483,0.099,10.9,0.973,1,0,b'0000',b'AA',10,57489.12842897,1334134801351051860,14.324,0.027,13.377,0.031,10.357,0.071,7.987,0.193,621396027,17.191,0.2633,15.941,,15.120,0.1322,0.289945,316.168194
133.9900174,35.4842369,b'08h55m57.60s',b'35d29m03.25s',0.1664,0.1815,-0.0292,14.222,0.063,17.2,0.367,12.855,0.107,10.1,0.326,1,0,b'0000',b'AA',10,58944.42725588,1334134801351051860,14.324,0.027,13.377,0.031,10.357,0.071,7.987,0.193,621396027,17.191,0.2633,15.941,,15.120,0.1322,0.293797,34.939905
133.9898666,35.4842002,b'08h55m57.57s',b'35d29m03.12s',0.1621,0.1614,-0.0405,14.166,0.059,18.4,0.998,13.480,0.115,9.4,1.211,1,0,b'0000',b'AB',10,58055.86407478,1334134801351051860,14.324,0.027,13.377,0.031,10.357,0.071,7.987,0.193,621396027,17.191,0.2633,15.941,,15.120,0.1322,0.294584,291.657541
133.9899859,35.4842495,b'08h55m57.60s',b'35d29m03.30s',0.1501,0.1902,-0.0239,14.355,0.071,15.2,0.880,13.324,0.087,12.5,0.500,1,0,b'0000',b'AA',10,57691.20299042,1334134801351051860,14.324,0.027,13.377,0.031,10.357,0.071,7.987,0.193,621396027,17.191,0.2633,15.941,,15.120,0.1322,0.296103,14.857193
133.9898623,35.4841454,b'08h55m57.57s',b'35d29m02.92s',0.1594,0.1795,-0.0449,14.250,0.061,17.9,0.853,13.280,0.102,10.6,0.607,1,0,b'0000',b'AA',5,58944.36180416,1334134801351051860,14.324,0.027,13.377,0.031,10.357,0.071,7.987,0.193,621396027,17.191,0.2633,15.941,,15.120,0.1322,0.299781,252.817325
133.9898682,35.4841329,b'08h55m57.57s',b'35d29m02.88s',0.1655,0.1787,-0.0594,14.364,0.063,17.2,0.489,13.397,0.086,12.7,1.065,1,0,b'0000',b'AA',5,58577.59667172,1334134801351051860,14.324,0.027,13.377,0.031,10.357,0.071,7.987,0.193,621396027,17.191,0.2633,15.941,,15.120,0.1322,0.300426,243.60402
133.9898809,35.4842233,b'08h55m57.57s',b'35d29m03.20s',0.2171,0.2205,0.0614,14.255,0.074,14.7,0.625,13.437,0.169,6.4,0.549,1,0,b'0000',b'AB',10,58055.99497818,1334134801351051860,14.324,0.027,13.377,0.031,10.357,0.071,7.987,0.193,621396027,17.191,0.2633,15.941,,15.120,0.1322,0.300976,309.60851
133.9898999,35.4841022,b'08h55m57.58s',b'35d29m02.77s',0.1411,0.1673,-0.0439,14.251,0.066,16.6,1.704,13.386,0.103,10.6,1.639,1,0,b'0000',b'AA',5,57488.40756609,1334134801351051860,14.324,0.027,13.377,0.031,10.357,0.071,7.987,0.193,621396027,17.191,0.2633,15.941,,15.120,0.1322,0.301023,215.821748
133.9898914,35.4841051,b'08h55m57.57s',b'35d29m02.78s',0.1776,0.2312,-0.0835,14.346,0.070,15.4,0.462,13.460,0.109,9.9,0.804,1,0,b'0000',b'AB',10,57324.66772108,1334134801351051860,14.324,0.027,13.377,0.031,10.357,0.071,7.987,0.193,621396027,17.191,0.2633,15.941,,15.120,0.1322,0.308264,220.718558
133.9898857,35.4842323,b'08h55m57.57s',b'35d29m03.24s',0.1640,0.1719,-0.0645,14.393,0.063,17.4,0.863,13.279,0.084,12.9,0.736,1,0,b'0000',b'AA',10,56771.55245068,1334134801351051860,14.324,0.027,13.377,0.031,10.357,0.071,7.987,0.193,621396027,17.191,0.2633,15.941,,15.120,0.1322,0.312631,315.839481
133.9898758,35.4842267,b'08h55m57.57s',b'35d29m03.22s',0.1511,0.1583,-0.0353,14.236,0.060,18.2,0.330,13.406,0.106,10.3,0.511,1,0,b'0000',b'AA',5,58787.27839972,1334134801351051860,14.324,0.027,13.377,0.031,10.357,0.071,7.987,0.193,621396027,17.191,0.2633,15.941,,15.120,0.1322,0.320288,309.590385
133.9898618,35.4842119,b'08h55m57.57s',b'35d29m03.16s',0.1783,0.1891,0.0143,14.302,0.070,15.4,0.769,13.363,0.096,11.3,0.362,1,0,b'0000',b'AA',10,58213.51935338,1334134801351051860,14.324,0.027,13.377,0.031,10.357,0.071,7.987,0.193,621396027,17.191,0.2633,15.941,,15.120,0.1322,0.324987,297.654554
133.9898598,35.4841303,b'08h55m57.57s',b'35d29m02.87s',0.1631,0.1737,-0.0569,14.276,0.058,18.6,1.020,13.491,0.105,10.3,0.586,1,0,b'0000',b'AA',10,56962.08946920,1334134801351051860,14.324,0.027,13.377,0.031,10.357,0.071,7.987,0.193,621396027,17.191,0.2633,15.941,,15.120,0.1322,0.326654,244.053566
133.9898667,35.4842220,b'08h55m57.57s',b'35d29m03.20s',0.1631,0.1668,-0.0598,14.284,0.064,16.9,0.860,13.308,0.084,13.0,0.890,1,0,b'0000',b'AA',10,57852.81540450,1334134801351051860,14.324,0.027,13.377,0.031,10.357,0.071,7.987,0.193,621396027,17.191,0.2633,15.941,,15.120,0.1322,0.331435,304.39024
133.9898588,35.4841276,b'08h55m57.57s',b'35d29m02.86s',0.1602,0.1914,-0.0478,14.280,0.061,17.8,1.532,13.420,0.122,8.9,0.984,1,0,b'0000',b'AB',5,58420.00166068,1334134801351051860,14.324,0.027,13.377,0.031,10.357,0.071,7.987,0.193,621396027,17.191,0.2633,15.941,,15.120,0.1322,0.333622,242.772693
133.9900232,35.4842477,b'08h55m57.61s',b'35d29m03.29s',0.1958,0.2008,0.0393,14.205,0.070,15.6,0.636,13.429,0.101,10.8,0.751,1,0,b'0000',b'AA',10,58212.53757637,1334134801351051860,14.324,0.027,13.377,0.031,10.357,0.071,7.987,0.193,621396027,17.191,0.2633,15.941,,15.120,0.1322,0.335514,33.517261
133.9900184,35.4842502,b'08h55m57.60s',b'35d29m03.30s',0.1846,0.1867,-0.0219,14.380,0.066,16.5,0.872,13.505,0.099,11.0,0.831,1,0,b'0000',b'AA',10,56962.81262138,1334134801351051860,14.324,0.027,13.377,0.031,10.357,0.071,7.987,0.193,621396027,17.191,0.2633,15.941,,15.120,0.1322,0.335655,30.665329
133.9898600,35.4842156,b'08h55m57.57s',b'35d29m03.18s',0.1549,0.1734,-0.0253,14.173,0.065,16.8,0.730,13.238,0.126,8.6,0.853,1,0,b'0000',b'AB',5,58943.83869933,1334134801351051860,14.324,0.027,13.377,0.031,10.357,0.071,7.987,0.193,621396027,17.191,0.2633,15.941,,15.120,0.1322,0.335978,299.249156
133.9899138,35.4842557,b'08h55m57.58s',b'35d29m03.32s',0.1761,0.2076,-0.0691,14.382,0.070,15.5,0.907,13.452,0.101,10.7,0.760,1,0,b'0000',b'AA',5,56962.28671569,1334134801351051860,14.324,0.027,13.377,0.031,10.357,0.071,7.987,0.193,621396027,17.191,0.2633,15.941,,15.120,0.1322,0.336933,336.300093
133.9899082,35.4842555,b'08h55m57.58s',b'35d29m03.32s',0.1553,0.1724,-0.0434,14.292,0.058,18.7,0.900,13.481,0.099,10.9,0.688,1,0,b'0000',b'AA',10,57324.33982790,1334134801351051860,14.324,0.027,13.377,0.031,10.357,0.071,7.987,0.193,621396027,17.191,0.2633,15.941,,15.120,0.1322,0.343211,333.741641
133.9899289,35.4842627,b'08h55m57.58s',b'35d29m03.35s',0.1585,0.1782,0.0526,14.384,0.065,16.8,1.277,13.401,0.085,12.8,0.897,1,0,b'0000',b'AA',10,56962.22088197,1334134801351051860,14.324,0.027,13.377,0.031,10.357,0.071,7.987,0.193,621396027,17.191,0.2633,15.941,,15.120,0.1322,0.345952,344.720646
133.9899434,35.4842652,b'08h55m57.59s',b'35d29m03.35s',0.1784,0.1850,-0.0703,14.282,0.064,16.9,0.965,13.456,0.102,10.6,0.631,1,0,b'0000',b'AA',10,57130.51046479,1334134801351051860,14.324,0.027,13.377,0.031,10.357,0.071,7.987,0.193,621396027,17.191,0.2633,15.941,,15.120,0.1322,0.346157,351.918879
133.9899521,35.4842661,b'08h55m57.59s',b'35d29m03.36s',0.1815,0.1833,-0.0630,14.256,0.063,17.2,0.684,13.589,0.123,8.9,0.371,1,0,b'0000',b'AB',10,57691.39947365,1334134801351051860,14.324,0.027,13.377,0.031,10.357,0.071,7.987,0.193,621396027,17.191,0.2633,15.941,,15.120,0.1322,0.34673,356.17043
133.9898520,35.4841303,b'08h55m57.56s',b'35d29m02.87s',0.1621,0.1940,0.0575,14.186,0.064,17.0,0.546,13.346,0.126,8.6,0.651,1,0,b'0000',b'AB',10,58055.53668891,1334134801351051860,14.324,0.027,13.377,0.031,10.357,0.071,7.987,0.193,621396027,17.191,0.2633,15.941,,15.120,0.1322,0.347356,245.703958
133.9899500,35.4842667,b'08h55m57.59s',b'35d29m03.36s',0.1596,0.1766,-0.0607,14.311,0.064,17.0,0.717,13.412,0.102,10.6,0.593,1,0,b'0000',b'AA',10,56771.22353663,1334134801351051860,14.324,0.027,13.377,0.031,10.357,0.071,7.987,0.193,621396027,17.191,0.2633,15.941,,15.120,0.1322,0.349349,355.186689
133.9899090,35.4842578,b'08h55m57.58s',b'35d29m03.33s',0.1772,0.1865,-0.0460,14.282,0.060,17.9,1.305,13.648,0.143,7.6,0.975,1,0,b'0000',b'AB',5,57129.91961559,1334134801351051860,14.324,0.027,13.377,0.031,10.357,0.071,7.987,0.193,621396027,17.191,0.2633,15.941,,15.120,0.1322,0.349646,334.686586
133.9898516,35.4842137,b'08h55m57.56s',b'35d29m03.17s',0.1311,0.1598,0.0342,14.205,0.056,19.3,0.691,13.387,0.092,11.8,0.725,1,0,b'0000',b'AA',10,58055.79862303,1334134801351051860,14.324,0.027,13.377,0.031,10.357,0.071,7.987,0.193,621396027,17.191,0.2633,15.941,,15.120,0.1322,0.35457,296.339401
133.9898713,35.4842392,b'08h55m57.57s',b'35d29m03.26s',0.1668,0.1785,-0.0447,14.387,0.068,16.1,0.970,13.519,0.108,10.0,0.427,1,0,b'0000',b'AA',10,57691.46505295,1334134801351051860,14.324,0.027,13.377,0.031,10.357,0.071,7.987,0.193,621396027,17.191,0.2633,15.941,,15.120,0.1322,0.360095,313.774196
133.9898823,35.4842485,b'08h55m57.57s',b'35d29m03.29s',0.1910,0.1948,0.0241,14.245,0.065,16.6,0.620,13.434,0.111,9.8,0.879,1,0,b'0000',b'AB',10,57691.92347140,1334134801351051860,14.324,0.027,13.377,0.031,10.357,0.071,7.987,0.193,621396027,17.191,0.2633,15.941,,15.120,0.1322,0.362956,321.132001
133.9898394,35.4841965,b'08h55m57.56s',b'35d29m03.11s',0.1622,0.1838,-0.0449,14.261,0.063,17.1,1.293,13.375,0.136,8.0,0.455,1,0,b'0000',b'AB',10,57493.45348486,1334134801351051860,14.324,0.027,13.377,0.031,10.357,0.071,7.987,0.193,621396027,17.191,0.2633,15.941,,15.120,0.1322,0.36617,285.101753
133.9899810,35.4842704,b'08h55m57.60s',b'35d29m03.37s',0.1827,0.1917,0.0471,14.342,0.065,16.8,1.289,13.466,0.174,6.2,0.645,1,0,b'0000',b'AB',5,59151.16271064,1334134801351051860,14.324,0.027,13.377,0.031,10.357,0.071,7.987,0.193,621396027,17.191,0.2633,15.941,,15.120,0.1322,0.366647,9.665667
133.9899596,35.4840652,b'08h55m57.59s',b'35d29m02.63s',0.2016,0.2172,-0.0832,14.426,0.073,14.8,0.699,13.407,0.131,8.3,0.810,1,0,b'0000',b'AB',5,58419.41272233,1334134801351051860,14.324,0.027,13.377,0.031,10.357,0.071,7.987,0.193,621396027,17.191,0.2633,15.941,,15.120,0.1322,0.377288,180.178071
133.9898547,35.4842305,b'08h55m57.57s',b'35d29m03.23s',0.1797,0.1722,-0.0314,14.225,0.066,16.5,0.949,13.449,0.093,11.7,0.740,1,0,b'0000',b'AA',5,58577.00786091,1334134801351051860,14.324,0.027,13.377,0.031,10.357,0.071,7.987,0.193,621396027,17.191,0.2633,15.941,,15.120,0.1322,0.377776,305.206638
133.9899294,35.4842723,b'08h55m57.58s',b'35d29m03.38s',0.1460,0.1566,-0.0498,14.202,0.059,18.5,0.498,13.203,0.074,14.6,0.458,1,0,b'0000',b'AA',10,57130.18218696,1334134801351051860,14.324,0.027,13.377,0.031,10.357,0.071,7.987,0.193,621396027,17.191,0.2633,15.941,,15.120,0.1322,0.379049,346.31123
133.9898308,35.4841549,b'08h55m57.56s',b'35d29m02.96s',0.1753,0.1860,-0.0485,14.296,0.067,16.1,1.425,13.446,0.114,9.5,0.594,1,0,b'0000',b'AB',10,57691.53050494,1334134801351051860,14.324,0.027,13.377,0.031,10.357,0.071,7.987,0.193,621396027,17.191,0.2633,15.941,,15.120,0.1322,0.382621,261.832156
133.9899351,35.4840656,b'08h55m57.58s',b'35d29m02.64s',0.1766,0.2048,0.0393,14.418,0.073,15.0,0.866,13.521,0.126,8.6,0.830,1,0,b'0000',b'AB',10,57852.42256572,1334134801351051860,14.324,0.027,13.377,0.031,10.357,0.071,7.987,0.193,621396027,17.191,0.2633,15.941,,15.120,0.1322,0.382868,190.990583
133.9899021,35.4842667,b'08h55m57.58s',b'35d29m03.36s',0.2172,0.2054,-0.0666,14.379,0.071,15.3,0.737,13.506,0.122,8.9,0.752,1,0,b'0000',b'AB',10,57138.51864580,1334134801351051860,14.324,0.027,13.377,0.031,10.357,0.071,7.987,0.193,621396027,17.191,0.2633,15.941,,15.120,0.1322,0.387296,334.008247
133.9899795,35.4842771,b'08h55m57.60s',b'35d29m03.40s',0.1466,0.1631,-0.0177,14.294,0.059,18.3,1.172,13.411,0.099,11.0,0.714,1,0,b'0000',b'AA',10,56770.69699409,1334134801351051860,14.324,0.027,13.377,0.031,10.357,0.071,7.987,0.193,621396027,17.191,0.2633,15.941,,15.120,0.1322,0.389776,8.43309
133.9898419,35.4842226,b'08h55m57.56s',b'35d29m03.20s',0.1441,0.1783,-0.0112,14.314,0.059,18.4,1.103,13.529,0.102,10.6,0.840,1,0,b'0000',b'AA',5,58577.07331263,1334134801351051860,14.324,0.027,13.377,0.031,10.357,0.071,7.987,0.193,621396027,17.191,0.2633,15.941,,15.120,0.1322,0.394606,298.67742
133.9898307,35.4842066,b'08h55m57.56s',b'35d29m03.14s',0.1657,0.1733,-0.0502,14.146,0.058,18.8,0.632,13.552,0.107,10.1,0.556,1,0,b'0000',b'AA',5,58419.28181896,1334134801351051860,14.324,0.027,13.377,0.031,10.357,0.071,7.987,0.193,621396027,17.191,0.2633,15.941,,15.120,0.1322,0.401277,289.168769
133.9900357,35.4840766,b'08h55m57.61s',b'35d29m02.68s',0.1653,0.2128,-0.0484,14.437,0.074,14.7,0.993,13.502,0.117,9.3,0.708,1,0,b'0000',b'AB',10,59151.22803497,1334134801351051860,14.324,0.027,13.377,0.031,10.357,0.071,7.987,0.193,621396027,17.191,0.2633,15.941,,15.120,0.1322,0.402862,146.576567
133.9899830,35.4842818,b'08h55m57.60s',b'35d29m03.41s',0.1794,0.1942,0.0793,14.133,0.067,16.3,0.738,13.442,0.101,10.7,0.642,1,0,b'0000',b'AA',5,56770.82853426,1334134801351051860,14.324,0.027,13.377,0.031,10.357,0.071,7.987,0.193,621396027,17.191,0.2633,15.941,,15.120,0.1322,0.408093,9.509679
133.9898510,35.4842427,b'08h55m57.56s',b'35d29m03.27s',0.1840,0.2071,-0.0676,14.449,0.066,16.4,2.344,13.649,0.116,9.3,0.549,1,0,b'0000',b'AB',0,58419.73985336,1334134801351051860,14.324,0.027,13.377,0.031,10.357,0.071,7.987,0.193,621396027,17.191,0.2633,15.941,,15.120,0.1322,0.413029,309.32091
133.9898439,35.4841042,b'08h55m57.56s',b'35d29m02.78s',0.1687,0.1703,-0.0543,14.313,0.061,17.9,1.158,13.444,0.094,11.5,0.584,1,0,b'0000',b'AA',5,57852.35698642,1334134801351051860,14.324,0.027,13.377,0.031,10.357,0.071,7.987,0.193,621396027,17.191,0.2633,15.941,,15.120,0.1322,0.414661,235.161334
133.9899044,35.4842767,b'08h55m57.58s',b'35d29m03.40s',0.1504,0.1791,-0.0361,14.225,0.059,18.4,0.796,13.548,0.132,8.2,0.927,1,0,b'0000',b'AB',10,58944.29647980,1334134801351051860,14.324,0.027,13.377,0.031,10.357,0.071,7.987,0.193,621396027,17.191,0.2633,15.941,,15.120,0.1322,0.417272,337.008093
133.9898806,35.4842664,b'08h55m57.57s',b'35d29m03.36s',0.1803,0.1945,-0.0597,14.289,0.066,16.5,0.746,13.335,0.120,9.1,0.615,1,0,b'0000',b'AB',10,58422.94673155,1334134801351051860,14.324,0.027,13.377,0.031,10.357,0.071,7.987,0.193,621396027,17.191,0.2633,15.941,,15.120,0.1322,0.417861,326.15109
133.9898545,35.4842513,b'08h55m57.57s',b'35d29m03.30s',0.2030,0.2155,-0.1011,14.245,0.073,14.9,0.805,13.382,0.117,9.3,0.378,1,0,b'0000',b'AB',10,58212.99573902,1334134801351051860,14.324,0.027,13.377,0.031,10.357,0.071,7.987,0.193,621396027,17.191,0.2633,15.941,,15.120,0.1322,0.4258,313.422089
133.9899348,35.4842865,b'08h55m57.58s',b'35d29m03.43s',0.1425,0.1644,-0.0555,14.140,0.055,19.7,1.534,13.356,0.146,7.4,0.934,1,0,b'0000',b'AB',10,59151.55503865,1334134801351051860,14.324,0.027,13.377,0.031,10.357,0.071,7.987,0.193,621396027,17.191,0.2633,15.941,,15.120,0.1322,0.425855,350.01067
133.9898823,35.4842709,b'08h55m57.57s',b'35d29m03.38s',0.1486,0.1573,-0.0581,14.169,0.054,19.9,0.821,13.256,0.079,13.7,0.463,1,0,b'0000',b'AA',10,57324.27424816,1334134801351051860,14.324,0.027,13.377,0.031,10.357,0.071,7.987,0.193,621396027,17.191,0.2633,15.941,,15.120,0.1322,0.42874,327.910313
133.9900154,35.4842807,b'08h55m57.60s',b'35d29m03.41s',0.1554,0.1810,-0.0283,14.274,0.060,18.0,1.045,13.442,0.109,10.0,0.331,1,0,b'0000',b'AA',10,58055.73317133,1334134801351051860,14.324,0.027,13.377,0.031,10.357,0.071,7.987,0.193,621396027,17.191,0.2633,15.941,,15.120,0.1322,0.430335,22.171148
133.9898812,35.4842714,b'08h55m57.57s',b'35d29m03.38s',0.1640,0.1881,-0.0323,14.429,0.065,16.7,0.575,13.465,0.109,9.9,0.573,1,0,b'0000',b'AB',5,57489.25946021,1334134801351051860,14.324,0.027,13.377,0.031,10.357,0.071,7.987,0.193,621396027,17.191,0.2633,15.941,,15.120,0.1322,0.431989,327.674805
133.9898120,35.4841656,b'08h55m57.55s',b'35d29m03.00s',0.2176,0.2063,-0.0479,14.331,0.076,14.3,0.384,13.341,0.106,10.2,0.571,1,0,b'0000',b'AA',10,57852.94630836,1334134801351051860,14.324,0.027,13.377,0.031,10.357,0.071,7.987,0.193,621396027,17.191,0.2633,15.941,,15.120,0.1322,0.434138,267.909067
133.9898399,35.4842435,b'08h55m57.56s',b'35d29m03.28s',0.1528,0.1606,-0.0691,14.269,0.059,18.3,0.722,13.330,0.075,14.5,0.944,1,0,b'0000',b'AA',10,57489.06284965,1334134801351051860,14.324,0.027,13.377,0.031,10.357,0.071,7.987,0.193,621396027,17.191,0.2633,15.941,,15.120,0.1322,0.440403,306.927682
133.9898605,35.4842622,b'08h55m57.57s',b'35d29m03.34s',0.1593,0.1719,-0.0527,14.329,0.062,17.6,0.699,13.535,0.121,9.0,0.922,1,0,b'0000',b'AB',10,58055.60226793,1334134801351051860,14.324,0.027,13.377,0.031,10.357,0.071,7.987,0.193,621396027,17.191,0.2633,15.941,,15.120,0.1322,0.441859,318.692759
133.9899195,35.4842914,b'08h55m57.58s',b'35d29m03.45s',0.1786,0.1713,-0.0555,14.289,0.066,16.4,0.542,13.452,0.107,10.2,0.421,1,0,b'0000',b'AA',10,57691.92359876,1334134801351051860,14.324,0.027,13.377,0.031,10.357,0.071,7.987,0.193,621396027,17.191,0.2633,15.941,,15.120,0.1322,0.452882,344.802429
133.9898587,35.4842672,b'08h55m57.57s',b'35d29m03.36s',0.1726,0.1990,-0.0560,14.318,0.068,15.9,0.743,13.434,0.122,8.9,0.458,1,0,b'0000',b'AB',10,58056.12588163,1334134801351051860,14.324,0.027,13.377,0.031,10.357,0.071,7.987,0.193,621396027,17.191,0.2633,15.941,,15.120,0.1322,0.458933,319.681346
133.9899127,35.4842929,b'08h55m57.58s',b'35d29m03.45s',0.1516,0.1998,-0.0574,14.198,0.059,18.3,1.171,13.391,0.124,8.7,0.719,1,0,b'0000',b'AB',5,58941.41940241,1334134801351051860,14.324,0.027,13.377,0.031,10.357,0.071,7.987,0.193,621396027,17.191,0.2633,15.941,,15.120,0.1322,0.463653,342.599718
133.9899206,35.4842949,b'08h55m57.58s',b'35d29m03.46s',0.1663,0.1890,-0.0703,14.381,0.069,15.8,0.780,13.369,0.086,12.6,0.695,1,0,b'0000',b'AA',5,58055.14397866,1334134801351051860,14.324,0.027,13.377,0.031,10.357,0.071,7.987,0.193,621396027,17.191,0.2633,15.941,,15.120,0.1322,0.464233,345.594168
133.9898156,35.4842281,b'08h55m57.56s',b'35d29m03.22s',0.1599,0.1768,-0.0668,14.271,0.059,18.4,1.039,13.418,0.094,11.5,0.891,1,0,b'0000',b'AA',10,57852.48801764,1334134801351051860,14.324,0.027,13.377,0.031,10.357,0.071,7.987,0.193,621396027,17.191,0.2633,15.941,,15.120,0.1322,0.472153,296.295206
133.9898792,35.4842847,b'08h55m57.57s',b'35d29m03.42s',0.1915,0.1958,-0.0849,14.121,0.065,16.6,1.052,13.351,0.142,7.7,0.944,1,0,b'0000',b'AB',5,58941.09239863,1334134801351051860,14.324,0.027,13.377,0.031,10.357,0.071,7.987,0.193,621396027,17.191,0.2633,15.941,,15.120,0.1322,0.476029,330.160867
133.9898262,35.4842513,b'08h55m57.56s',b'35d29m03.30s',0.1541,0.1630,-0.0631,14.168,0.055,19.9,1.111,13.502,0.095,11.4,0.822,1,0,b'0000',b'AA',10,58213.06119083,1334134801351051860,14.324,0.027,13.377,0.031,10.357,0.071,7.987,0.193,621396027,17.191,0.2633,15.941,,15.120,0.1322,0.489386,306.730833
133.9899581,35.4843060,b'08h55m57.59s',b'35d29m03.50s',0.1605,0.1736,-0.0644,14.222,0.057,19.2,1.288,13.348,0.129,8.4,0.350,1,0,b'0000',b'AB',10,57488.93181843,1334134801351051860,14.324,0.027,13.377,0.031,10.357,0.071,7.987,0.193,621396027,17.191,0.2633,15.941,,15.120,0.1322,0.489627,359.348237
133.9897888,35.4841910,b'08h55m57.55s',b'35d29m03.09s',0.1779,0.2086,-0.0689,14.304,0.065,16.7,0.908,13.332,0.138,7.9,0.921,1,0,b'0000',b'AB',5,57852.22608257,1334134801351051860,14.324,0.027,13.377,0.031,10.357,0.071,7.987,0.193,621396027,17.191,0.2633,15.941,,15.120,0.1322,0.507514,278.566746
133.9897907,35.4841404,b'08h55m57.55s',b'35d29m02.91s',0.1428,0.1749,-0.0318,14.242,0.059,18.4,0.366,13.505,0.110,9.9,0.450,1,0,b'0000',b'AB',5,58940.96162250,1334134801351051860,14.324,0.027,13.377,0.031,10.357,0.071,7.987,0.193,621396027,17.191,0.2633,15.941,,15.120,0.1322,0.507598,257.881759
133.9898352,35.4842686,b'08h55m57.56s',b'35d29m03.37s',0.1828,0.2007,-0.0651,14.387,0.065,16.6,1.207,13.315,0.131,8.3,0.828,1,0,b'0000',b'AB',5,59150.70493093,1334134801351051860,14.324,0.027,13.377,0.031,10.357,0.071,7.987,0.193,621396027,17.191,0.2633,15.941,,15.120,0.1322,0.509743,314.135443
133.9898448,35.4842774,b'08h55m57.56s',b'35d29m03.40s',0.1608,0.1892,-0.0230,14.463,0.068,15.9,0.637,13.269,0.105,10.3,0.671,1,0,b'0000',b'AA',10,57851.96414749,1334134801351051860,14.324,0.027,13.377,0.031,10.357,0.071,7.987,0.193,621396027,17.191,0.2633,15.941,,15.120,0.1322,0.513353,318.865658
133.9898200,35.4842572,b'08h55m57.56s',b'35d29m03.33s',0.1869,0.1873,-0.0476,14.308,0.068,15.9,1.530,13.589,0.129,8.4,0.412,1,0,b'0000',b'AB',5,57852.55346953,1334134801351051860,14.324,0.027,13.377,0.031,10.357,0.071,7.987,0.193,621396027,17.191,0.2633,15.941,,15.120,0.1322,0.516692,307.413206
133.9897871,35.4842008,b'08h55m57.55s',b'35d29m03.12s',0.1791,0.1861,-0.0538,14.404,0.076,14.4,1.159,13.433,0.096,11.3,0.436,1,0,b'0000',b'AA',10,58212.79938355,1334134801351051860,14.324,0.027,13.377,0.031,10.357,0.071,7.987,0.193,621396027,17.191,0.2633,15.941,,15.120,0.1322,0.518826,282.340133
133.9899487,35.4843209,b'08h55m57.59s',b'35d29m03.56s',0.1402,0.1742,-0.0262,14.206,0.059,18.4,1.025,13.522,0.125,8.7,1.251,1,0,b'0000',b'AB',10,58941.28862637,1334134801351051860,14.324,0.027,13.377,0.031,10.357,0.071,7.987,0.193,621396027,17.191,0.2633,15.941,,15.120,0.1322,0.54425,356.510644
133.9899183,35.4843186,b'08h55m57.58s',b'35d29m03.55s',0.1863,0.2154,-0.0763,14.308,0.069,15.7,0.622,13.654,0.108,10.1,0.639,1,0,b'0000',b'AA',10,57129.78832990,1334134801351051860,14.324,0.027,13.377,0.031,10.357,0.071,7.987,0.193,621396027,17.191,0.2633,15.941,,15.120,0.1322,0.548745,347.128836
133.9898314,35.4842853,b'08h55m57.56s',b'35d29m03.43s',0.2724,0.3174,0.0186,14.534,0.130,8.4,0.543,13.529,0.119,9.1,0.474,1,0,b'0000',b'BB',5,59150.90115863,1334134801351051860,14.324,0.027,13.377,0.031,10.357,0.071,7.987,0.193,621396027,17.191,0.2633,15.941,,15.120,0.1322,0.560717,317.754214
133.9897819,35.4842348,b'08h55m57.55s',b'35d29m03.25s',0.1506,0.1808,-0.0480,14.376,0.063,17.3,1.130,13.470,0.093,11.7,0.448,1,0,b'0000',b'AA',10,59150.90103127,1334134801351051860,14.324,0.027,13.377,0.031,10.357,0.071,7.987,0.193,621396027,17.191,0.2633,15.941,,15.120,0.1322,0.571827,294.076446
133.9900355,35.4843167,b'08h55m57.61s',b'35d29m03.54s',0.1922,0.2370,0.0611,14.421,0.077,14.2,0.795,13.474,0.120,9.0,0.981,1,0,b'0000',b'AB',5,59151.42426263,1334134801351051860,14.324,0.027,13.377,0.031,10.357,0.071,7.987,0.193,621396027,17.191,0.2633,15.941,,15.120,0.1322,0.57262,22.737143
133.9898566,35.4843163,b'08h55m57.57s',b'35d29m03.54s',0.1550,0.1749,-0.0619,14.306,0.058,18.6,1.489,13.425,0.090,12.1,1.088,1,0,b'0000',b'AA',10,56962.54966853,1334134801351051860,14.324,0.027,13.377,0.031,10.357,0.071,7.987,0.193,621396027,17.191,0.2633,15.941,,15.120,0.1322,0.607669,330.079484
133.9897507,35.4841422,b'08h55m57.54s',b'35d29m02.91s',0.2270,0.2555,0.1135,14.307,0.081,13.4,0.754,13.590,0.187,5.8,0.943,1,0,b'0000',b'AB',10,58941.81186124,1334134801351051860,14.324,0.027,13.377,0.031,10.357,0.071,7.987,0.193,621396027,17.191,0.2633,15.941,,15.120,0.1322,0.621647,260.735638
133.9901694,35.4841187,b'08h55m57.64s',b'35d29m02.83s',0.1502,0.1814,-0.0551,14.069,0.069,15.7,1.257,13.480,0.111,9.7,0.768,1,0,b'0000',b'AB',10,58419.80530505,1334134801351051860,14.324,0.027,13.377,0.031,10.357,0.071,7.987,0.193,621396027,17.191,0.2633,15.941,,15.120,0.1322,0.641018,106.744542
133.9897752,35.4842795,b'08h55m57.55s',b'35d29m03.41s',0.1906,0.2081,-0.0453,14.375,0.072,15.1,1.047,13.608,0.134,8.1,0.943,1,0,b'0000',b'AB',10,57130.11660779,1334134801351051860,14.324,0.027,13.377,0.031,10.357,0.071,7.987,0.193,621396027,17.191,0.2633,15.941,,15.120,0.1322,0.669964,306.042712
133.9901731,35.4841008,b'08h55m57.64s',b'35d29m02.76s',0.2092,0.2085,-0.1009,14.378,0.075,14.4,0.845,13.947,0.193,5.6,0.581,1,0,b'0000',b'AB',10,57691.66153618,1334134801351051860,14.324,0.027,13.377,0.031,10.357,0.071,7.987,0.193,621396027,17.191,0.2633,15.941,,15.120,0.1322,0.672525,111.741857
133.9898505,35.4840016,b'08h55m57.56s',b'35d29m02.41s',0.1844,0.2341,0.0878,14.378,0.075,14.5,1.364,13.385,0.103,10.6,0.668,1,0,b'0000',b'AA',10,58419.67440168,1334134801351051860,14.324,0.027,13.377,0.031,10.357,0.071,7.987,0.193,621396027,17.191,0.2633,15.941,,15.120,0.1322,0.685974,207.900058
133.9897983,35.4840247,b'08h55m57.55s',b'35d29m02.49s',0.1522,0.2255,-0.0150,14.188,0.071,15.3,1.406,13.400,0.092,11.8,0.823,1,0,b'0000',b'AA',10,57129.52575858,1334134801351051860,14.324,0.027,13.377,0.031,10.357,0.071,7.987,0.193,621396027,17.191,0.2633,15.941,,15.120,0.1322,0.705902,222.182414
133.9897370,35.4842545,b'08h55m57.54s',b'35d29m03.32s',0.1508,0.1593,-0.0543,14.099,0.058,18.6,0.890,13.363,0.113,9.6,0.750,1,0,b'0000',b'AB',5,58213.12664256,1334134801351051860,14.324,0.027,13.377,0.031,10.357,0.071,7.987,0.193,621396027,17.191,0.2633,15.941,,15.120,0.1322,0.721016,294.955017
133.9897094,35.4842572,b'08h55m57.53s',b'35d29m03.33s',0.1902,0.1915,-0.0756,14.239,0.066,16.6,1.185,13.207,0.133,8.1,0.850,1,0,b'0000',b'AB',5,58941.68095781,1334134801351051860,14.324,0.027,13.377,0.031,10.357,0.071,7.987,0.193,621396027,17.191,0.2633,15.941,,15.120,0.1322,0.798872,293.138577
133.9899573,35.4839432,b'08h55m57.59s',b'35d29m02.20s',0.2385,0.2742,0.1053,14.595,0.099,10.9,1.606,13.443,0.118,9.2,0.942,1,0,b'0000',b'AB',5,57852.09505139,1334134801351051860,14.324,0.027,13.377,0.031,10.357,0.071,7.987,0.193,621396027,17.191,0.2633,15.941,,15.120,0.1322,0.816516,180.555396
133.9897944,35.4843544,b'08h55m57.55s',b'35d29m03.68s',0.1842,0.2014,-0.0826,14.342,0.074,14.6,1.414,13.221,0.086,12.6,0.441,1,0,b'0000',b'AA',5,58213.25754615,1334134801351051860,14.324,0.027,13.377,0.031,10.357,0.071,7.987,0.193,621396027,17.191,0.2633,15.941,,15.120,0.1322,0.822395,323.823619
133.9898850,35.4844966,b'08h55m57.57s',b'35d29m04.19s',0.2087,0.2566,0.0894,14.349,0.089,12.2,0.814,13.471,0.127,8.6,1.023,1,0,b'0000',b'AB',5,58576.87708479,1334134801351051860,14.324,0.027,13.377,0.031,10.357,0.071,7.987,0.193,621396027,17.191,0.2633,15.941,,15.120,0.1322,1.196138,349.408659
133.9897282,35.4828931,b'08h55m57.53s',b'35d28m58.42s',0.1172,0.1284,0.0306,15.097,0.095,11.5,13.440,11.970,0.054,20.1,8.146,1,0,b'0000',b'AA',10,56771.28937038,,,,,,,,,,,,,,,,,4.64679,188.408607
133.9931866,35.4841917,b'08h55m58.36s',b'35d29m03.09s',2.5161,2.3634,-0.5952,16.853,,0.1,1.075,14.218,,1.6,0.580,1,0,b'0000',b'UU',10,58941.48434479,,,,,,,,,,,,,,,,,9.458755,89.525851
