ra,dec,clon,clat,sigra,sigdec,sigradec,w1mpro,w1sigmpro,w1snr,w1rchi2,w2mpro,w2sigmpro,w2snr,w2rchi2,nb,na,cc_flags,ph_qual,qual_frame,mjd,allwise_cntr,w1mpro_allwise,w1sigmpro_allwise,w2mpro_allwise,w2sigmpro_allwise,w3mpro_allwise,w3sigmpro_allwise,w4mpro_allwise,w4sigmpro_allwise,tmass_key,j_m_2mass,j_msig_2mass,h_m_2mass,h_msig_2mass,k_m_2mass,k_msig_2mass,dist,angle
118.1900113,26.2932707,b'07h52m45.60s',b'26d17m35.77s',0.0515,0.0525,-0.0176,12.321,0.023,47.9,1.303,11.463,0.027,39.6,1.119,1,0,b'0000',b'AA',10,58199.83954104,1183125701351052460,12.324,0.024,11.487,0.022,8.991,0.034,6.701,0.084,440692348,15.288,0.0531,14.435,0.0609,13.603,0.0429,0.005324,59.010947
118.1900100,26.2932743,b'07h52m45.60s',b'26d17m35.79s',0.0591,0.0653,-0.0176,12.374,0.027,40.5,1.322,11.570,0.052,20.8,0.816,1,0,b'0000',b'AA',5,58774.19697821,1183125701351052460,12.324,0.024,11.487,0.022,8.991,0.034,6.701,0.084,440692348,15.288,0.0531,14.435,0.0609,13.603,0.0429,0.015368,0.0
118.1900165,26.2932732,b'07h52m45.60s',b'26d17m35.78s',0.0618,0.0707,-0.0289,12.352,0.037,29.3,2.213,11.453,0.030,36.3,1.151,1,0,b'0000',b'AA',10,58200.29770456,1183125701351052460,12.324,0.024,11.487,0.022,8.991,0.034,6.701,0.084,440692348,15.288,0.0531,14.435,0.0609,13.603,0.0429,0.024005,61.227905
118.1900095,26.2932814,b'07h52m45.60s',b'26d17m35.81s',0.0518,0.0539,-0.0166,12.304,0.023,47.2,1.631,11.475,0.029,37.6,0.731,1,0,b'0000',b'AA',10,58045.39192515,1183125701351052460,12.324,0.024,11.487,0.022,8.991,0.034,6.701,0.084,440692348,15.288,0.0531,14.435,0.0609,13.603,0.0429,0.041122,357.748184
118.1900213,26.2932644,b'07h52m45.61s',b'26d17m35.75s',0.0543,0.0669,-0.0252,12.263,0.025,43.0,1.182,11.552,0.039,28.1,0.656,1,0,b'0000',b'AA',10,57678.69364039,1183125701351052460,12.324,0.024,11.487,0.022,8.991,0.034,6.701,0.084,440692348,15.288,0.0531,14.435,0.0609,13.603,0.0429,0.041692,118.932285
118.1900242,26.2932718,b'07h52m45.61s',b'26d17m35.78s',0.0578,0.0679,-0.0045,12.343,0.033,33.0,0.766,11.485,0.036,29.9,0.668,1,0,b'0000',b'AA',10,56952.55758595,1183125701351052460,12.324,0.024,11.487,0.022,8.991,0.034,6.701,0.084,440692348,15.288,0.0531,14.435,0.0609,13.603,0.0429,0.046308,81.952354
118.1900241,26.2932675,b'07h52m45.61s',b'26d17m35.76s',0.0530,0.0546,-0.0148,12.282,0.024,45.3,2.765,11.536,0.032,34.5,0.939,1,0,b'0000',b'AA',10,59140.96409097,1183125701351052460,12.324,0.024,11.487,0.022,8.991,0.034,6.701,0.084,440692348,15.288,0.0531,14.435,0.0609,13.603,0.0429,0.04641,101.186809
118.1899955,26.2932726,b'07h52m45.60s',b'26d17m35.78s',0.0535,0.0574,-0.0169,12.318,0.028,38.7,0.685,11.500,0.033,33.1,1.072,1,0,b'0000',b'AA',10,57120.00455080,1183125701351052460,12.324,0.024,11.487,0.022,8.991,0.034,6.701,0.084,440692348,15.288,0.0531,14.435,0.0609,13.603,0.0429,0.047715,281.310099
118.1900246,26.2932741,b'07h52m45.61s',b'26d17m35.79s',0.0501,0.0551,-0.0137,12.252,0.025,43.3,2.030,11.446,0.028,38.5,1.319,1,0,b'0000',b'AA',10,57678.23509453,1183125701351052460,12.324,0.024,11.487,0.022,8.991,0.034,6.701,0.084,440692348,15.288,0.0531,14.435,0.0609,13.603,0.0429,0.049369,72.607923
118.1900029,26.2932832,b'07h52m45.60s',b'26d17m35.82s',0.0456,0.0560,-0.0158,12.370,0.024,45.3,2.086,11.484,0.026,41.2,1.019,1,0,b'0000',b'AA',10,59141.02941527,1183125701351052460,12.324,0.024,11.487,0.022,8.991,0.034,6.701,0.084,440692348,15.288,0.0531,14.435,0.0609,13.603,0.0429,0.052791,334.255289
118.1900170,26.2932563,b'07h52m45.60s',b'26d17m35.72s',0.0551,0.0568,-0.0130,12.252,0.027,40.0,2.867,11.446,0.028,38.9,1.443,1,0,b'0000',b'AA',10,58044.93363579,1183125701351052460,12.324,0.024,11.487,0.022,8.991,0.034,6.701,0.084,440692348,15.288,0.0531,14.435,0.0609,13.603,0.0429,0.05429,155.388175
118.1900062,26.2932543,b'07h52m45.60s',b'26d17m35.72s',0.0504,0.0517,-0.0150,12.306,0.023,48.0,0.865,11.490,0.028,39.5,0.582,1,0,b'0000',b'AA',10,57119.67627328,1183125701351052460,12.324,0.024,11.487,0.022,8.991,0.034,6.701,0.084,440692348,15.288,0.0531,14.435,0.0609,13.603,0.0429,0.057829,192.243178
118.1899909,26.2932740,b'07h52m45.60s',b'26d17m35.79s',0.0617,0.0633,-0.0155,12.410,0.030,36.6,1.749,11.525,0.029,37.3,1.536,1,0,b'0000',b'AA',10,58409.73020177,1183125701351052460,12.324,0.024,11.487,0.022,8.991,0.034,6.701,0.084,440692348,15.288,0.0531,14.435,0.0609,13.603,0.0429,0.063289,283.148073
118.1899901,26.2932749,b'07h52m45.60s',b'26d17m35.79s',0.0558,0.0594,-0.0138,12.357,0.029,37.5,0.790,11.575,0.029,37.3,1.254,1,0,b'0000',b'AA',10,58566.79955411,1183125701351052460,12.324,0.024,11.487,0.022,8.991,0.034,6.701,0.084,440692348,15.288,0.0531,14.435,0.0609,13.603,0.0429,0.066634,285.357424
118.1900286,26.2932786,b'07h52m45.61s',b'26d17m35.80s',0.0514,0.0541,0.0055,12.268,0.025,44.0,1.680,11.441,0.028,38.2,0.967,1,0,b'0000',b'AA',10,58045.32647345,1183125701351052460,12.324,0.024,11.487,0.022,8.991,0.034,6.701,0.084,440692348,15.288,0.0531,14.435,0.0609,13.603,0.0429,0.067549,62.718792
118.1899947,26.2932570,b'07h52m45.60s',b'26d17m35.73s',0.0535,0.0532,-0.0236,12.283,0.023,47.5,1.513,11.449,0.028,38.9,0.923,1,0,b'0000',b'AA',10,57313.84818362,1183125701351052460,12.324,0.024,11.487,0.022,8.991,0.034,6.701,0.084,440692348,15.288,0.0531,14.435,0.0609,13.603,0.0429,0.068037,226.537354
118.1900009,26.2932882,b'07h52m45.60s',b'26d17m35.84s',0.0491,0.0592,-0.0269,12.132,0.028,39.4,1.694,11.437,0.025,42.9,1.488,1,0,b'0000',b'AA',10,57314.11050022,1183125701351052460,12.324,0.024,11.487,0.022,8.991,0.034,6.701,0.084,440692348,15.288,0.0531,14.435,0.0609,13.603,0.0429,0.071819,335.854778
118.1899877,26.2932688,b'07h52m45.60s',b'26d17m35.77s',0.0502,0.0518,-0.0139,12.315,0.025,43.8,0.859,11.452,0.029,37.1,0.679,1,0,b'0000',b'AA',10,57119.87326529,1183125701351052460,12.324,0.024,11.487,0.022,8.991,0.034,6.701,0.084,440692348,15.288,0.0531,14.435,0.0609,13.603,0.0429,0.072082,266.565142
118.1899874,26.2932694,b'07h52m45.60s',b'26d17m35.77s',0.0510,0.0523,-0.0123,12.317,0.025,43.6,1.817,11.491,0.027,40.5,1.298,1,0,b'0000',b'AA',10,57478.44421618,1183125701351052460,12.324,0.024,11.487,0.022,8.991,0.034,6.701,0.084,440692348,15.288,0.0531,14.435,0.0609,13.603,0.0429,0.072994,268.303834
118.1900010,26.2932903,b'07h52m45.60s',b'26d17m35.85s',0.0534,0.0539,-0.0028,12.306,0.027,40.7,1.557,11.498,0.029,37.3,0.716,1,0,b'0000',b'AA',10,56952.09725942,1183125701351052460,12.324,0.024,11.487,0.022,8.991,0.034,6.701,0.084,440692348,15.288,0.0531,14.435,0.0609,13.603,0.0429,0.078662,338.323167
118.1899990,26.2932903,b'07h52m45.60s',b'26d17m35.85s',0.0437,0.0499,0.0066,12.312,0.024,45.4,1.817,11.481,0.027,40.1,1.366,1,0,b'0000',b'AA',10,56952.09738678,1183125701351052460,12.324,0.024,11.487,0.022,8.991,0.034,6.701,0.084,440692348,15.288,0.0531,14.435,0.0609,13.603,0.0429,0.081261,334.089105
118.1899847,26.2932766,b'07h52m45.60s',b'26d17m35.80s',0.0485,0.0477,-0.0180,12.329,0.022,49.2,1.302,11.440,0.023,46.3,0.493,1,0,b'0000',b'AA',10,57479.16508297,1183125701351052460,12.324,0.024,11.487,0.022,8.991,0.034,6.701,0.084,440692348,15.288,0.0531,14.435,0.0609,13.603,0.0429,0.085067,286.223639
118.1899909,26.2932867,b'07h52m45.60s',b'26d17m35.83s',0.0495,0.0610,-0.0158,12.329,0.027,40.8,1.216,11.420,0.036,29.9,0.925,1,0,b'0000',b'AA',10,59141.35641869,1183125701351052460,12.324,0.024,11.487,0.022,8.991,0.034,6.701,0.084,440692348,15.288,0.0531,14.435,0.0609,13.603,0.0429,0.086115,314.282007
118.1900260,26.2932897,b'07h52m45.61s',b'26d17m35.84s',0.0569,0.0604,-0.0142,12.386,0.027,40.1,0.913,11.504,0.030,36.1,0.741,1,0,b'0000',b'AA',10,58931.01869207,1183125701351052460,12.324,0.024,11.487,0.022,8.991,0.034,6.701,0.084,440692348,15.288,0.0531,14.435,0.0609,13.603,0.0429,0.087745,36.060344
118.1899968,26.2932917,b'07h52m45.60s',b'26d17m35.85s',0.0572,0.0661,-0.0225,12.294,0.027,40.2,1.938,11.528,0.031,35.4,1.089,1,0,b'0000',b'AA',10,59140.89863932,1183125701351052460,12.324,0.024,11.487,0.022,8.991,0.034,6.701,0.084,440692348,15.288,0.0531,14.435,0.0609,13.603,0.0429,0.088975,331.393729
118.1899840,26.2932786,b'07h52m45.60s',b'26d17m35.80s',0.0506,0.0548,0.0208,12.227,0.027,39.7,1.085,11.445,0.029,37.0,1.337,1,0,b'0000',b'AA',10,57839.58607975,1183125701351052460,12.324,0.024,11.487,0.022,8.991,0.034,6.701,0.084,440692348,15.288,0.0531,14.435,0.0609,13.603,0.0429,0.089451,290.25106
118.1899927,26.2932895,b'07h52m45.60s',b'26d17m35.84s',0.0522,0.0635,-0.0127,12.349,0.031,34.5,1.449,11.424,0.028,39.5,0.539,1,0,b'0000',b'AA',10,57478.70628291,1183125701351052460,12.324,0.024,11.487,0.022,8.991,0.034,6.701,0.084,440692348,15.288,0.0531,14.435,0.0609,13.603,0.0429,0.089715,321.501599
118.1899830,26.2932765,b'07h52m45.60s',b'26d17m35.80s',0.0560,0.0596,0.0120,12.188,0.030,36.5,2.355,11.425,0.029,38.1,0.886,1,0,b'0000',b'AA',10,57838.99662953,1183125701351052460,12.324,0.024,11.487,0.022,8.991,0.034,6.701,0.084,440692348,15.288,0.0531,14.435,0.0609,13.603,0.0429,0.09024,285.030649
118.1899931,26.2932494,b'07h52m45.60s',b'26d17m35.70s',0.0525,0.0578,-0.0187,12.370,0.027,39.9,1.283,11.508,0.030,36.2,0.682,1,0,b'0000',b'AA',10,58566.86500587,1183125701351052460,12.324,0.024,11.487,0.022,8.991,0.034,6.701,0.084,440692348,15.288,0.0531,14.435,0.0609,13.603,0.0429,0.092054,216.334849
118.1900077,26.2932961,b'07h52m45.60s',b'26d17m35.87s',0.0513,0.0580,-0.0164,12.314,0.024,45.9,1.573,11.469,0.033,33.0,0.843,1,0,b'0000',b'AA',10,59140.76786343,1183125701351052460,12.324,0.024,11.487,0.022,8.991,0.034,6.701,0.084,440692348,15.288,0.0531,14.435,0.0609,13.603,0.0429,0.094234,355.482714
118.1899809,26.2932758,b'07h52m45.60s',b'26d17m35.79s',0.0518,0.0565,-0.0170,12.371,0.027,40.6,0.774,11.491,0.030,35.8,0.861,1,0,b'0000',b'AA',10,58409.66487750,1183125701351052460,12.324,0.024,11.487,0.022,8.991,0.034,6.701,0.084,440692348,15.288,0.0531,14.435,0.0609,13.603,0.0429,0.096218,282.533805
118.1899821,26.2932605,b'07h52m45.60s',b'26d17m35.74s',0.0535,0.0532,-0.0214,12.365,0.024,45.9,1.352,11.537,0.026,41.4,0.808,1,0,b'0000',b'AA',10,58567.06123375,1183125701351052460,12.324,0.024,11.487,0.022,8.991,0.034,6.701,0.084,440692348,15.288,0.0531,14.435,0.0609,13.603,0.0429,0.096317,249.203426
118.1900284,26.2932912,b'07h52m45.61s',b'26d17m35.85s',0.0511,0.0536,-0.0181,12.274,0.025,44.0,1.493,11.451,0.028,39.0,0.973,1,0,b'0000',b'AA',10,57314.17607935,1183125701351052460,12.324,0.024,11.487,0.022,8.991,0.034,6.701,0.084,440692348,15.288,0.0531,14.435,0.0609,13.603,0.0429,0.096708,37.887468
118.1899832,26.2932580,b'07h52m45.60s',b'26d17m35.73s',0.0552,0.0603,-0.0069,12.323,0.028,38.9,0.815,11.486,0.032,34.0,0.969,1,0,b'0000',b'AA',10,57119.74197969,1183125701351052460,12.324,0.024,11.487,0.022,8.991,0.034,6.701,0.084,440692348,15.288,0.0531,14.435,0.0609,13.603,0.0429,0.096708,243.460936
118.1899833,26.2932837,b'07h52m45.60s',b'26d17m35.82s',0.0480,0.0509,-0.0131,12.242,0.022,49.0,1.154,11.396,0.028,38.3,0.401,1,0,b'0000',b'AA',10,58045.52282860,1183125701351052460,12.324,0.024,11.487,0.022,8.991,0.034,6.701,0.084,440692348,15.288,0.0531,14.435,0.0609,13.603,0.0429,0.099311,299.783459
118.1899803,26.2932776,b'07h52m45.60s',b'26d17m35.80s',0.0460,0.0517,-0.0181,12.235,0.023,48.1,1.079,11.419,0.026,42.5,0.756,1,0,b'0000',b'AA',10,57839.52050037,1183125701351052460,12.324,0.024,11.487,0.022,8.991,0.034,6.701,0.084,440692348,15.288,0.0531,14.435,0.0609,13.603,0.0429,0.09969,285.929946
118.1899830,26.2932564,b'07h52m45.60s',b'26d17m35.72s',0.0559,0.0583,-0.0118,12.268,0.025,42.7,0.711,11.396,0.032,34.2,0.510,1,0,b'0000',b'AA',10,57678.82467169,1183125701351052460,12.324,0.024,11.487,0.022,8.991,0.034,6.701,0.084,440692348,15.288,0.0531,14.435,0.0609,13.603,0.0429,0.099974,240.671351
118.1899997,26.2932968,b'07h52m45.60s',b'26d17m35.87s',0.0472,0.0535,0.0142,12.243,0.024,44.6,1.369,11.426,0.031,35.2,0.929,1,0,b'0000',b'AA',10,57678.56273647,1183125701351052460,12.324,0.024,11.487,0.022,8.991,0.034,6.701,0.084,440692348,15.288,0.0531,14.435,0.0609,13.603,0.0429,0.102032,340.987838
118.1899781,26.2932747,b'07h52m45.59s',b'26d17m35.79s',0.0494,0.0515,-0.0221,12.192,0.022,48.4,1.290,11.388,0.028,39.0,0.955,1,0,b'0000',b'AA',10,57839.45504840,1183125701351052460,12.324,0.024,11.487,0.022,8.991,0.034,6.701,0.084,440692348,15.288,0.0531,14.435,0.0609,13.603,0.0429,0.104321,279.332469
118.1899784,26.2932774,b'07h52m45.59s',b'26d17m35.80s',0.0507,0.0549,0.0138,12.272,0.027,40.8,2.569,11.465,0.025,43.3,1.651,1,0,b'0000',b'AA',10,57478.90289333,1183125701351052460,12.324,0.024,11.487,0.022,8.991,0.034,6.701,0.084,440692348,15.288,0.0531,14.435,0.0609,13.603,0.0429,0.105402,284.638688
118.1899802,26.2932824,b'07h52m45.60s',b'26d17m35.82s',0.0534,0.0526,0.0134,12.328,0.024,45.1,2.042,11.438,0.030,35.6,0.734,1,0,b'0000',b'AA',10,56952.22879947,1183125701351052460,12.324,0.024,11.487,0.022,8.991,0.034,6.701,0.084,440692348,15.288,0.0531,14.435,0.0609,13.603,0.0429,0.106028,294.89727800000003
118.1899960,26.2932968,b'07h52m45.60s',b'26d17m35.87s',0.0504,0.0559,-0.0129,12.380,0.024,44.9,0.645,11.576,0.031,35.6,0.757,1,0,b'0000',b'AA',10,58409.79565346,1183125701351052460,12.324,0.024,11.487,0.022,8.991,0.034,6.701,0.084,440692348,15.288,0.0531,14.435,0.0609,13.603,0.0429,0.106516,334.904387
118.1899771,26.2932759,b'07h52m45.59s',b'26d17m35.79s',0.0517,0.0491,-0.0180,12.277,0.023,46.6,1.562,11.419,0.026,42.2,0.589,1,0,b'0000',b'AA',10,56952.36033951,1183125701351052460,12.324,0.024,11.487,0.022,8.991,0.034,6.701,0.084,440692348,15.288,0.0531,14.435,0.0609,13.603,0.0429,0.108276,281.311391
118.1900034,26.2932995,b'07h52m45.60s',b'26d17m35.88s',0.0637,0.0661,0.0121,12.291,0.030,36.2,1.900,11.508,0.030,36.4,1.387,1,0,b'0000',b'AA',10,57119.28228934,1183125701351052460,12.324,0.024,11.487,0.022,8.991,0.034,6.701,0.084,440692348,15.288,0.0531,14.435,0.0609,13.603,0.0429,0.108319,348.658039
118.1900083,26.2933007,b'07h52m45.60s',b'26d17m35.88s',0.0550,0.0619,0.0003,12.285,0.030,35.9,1.265,11.399,0.029,37.4,1.692,1,0,b'0000',b'AA',10,58045.65373200,1183125701351052460,12.324,0.024,11.487,0.022,8.991,0.034,6.701,0.084,440692348,15.288,0.0531,14.435,0.0609,13.603,0.0429,0.110649,357.157859
118.1899774,26.2932817,b'07h52m45.59s',b'26d17m35.81s',0.0483,0.0573,-0.0182,12.270,0.026,42.5,2.488,11.405,0.028,38.4,1.006,1,0,b'0000',b'AA',10,57839.84788789,1183125701351052460,12.324,0.024,11.487,0.022,8.991,0.034,6.701,0.084,440692348,15.288,0.0531,14.435,0.0609,13.603,0.0429,0.113348,291.81686
118.1899768,26.2932815,b'07h52m45.59s',b'26d17m35.81s',0.0638,0.0604,-0.0286,12.326,0.031,35.5,1.013,11.527,0.030,36.6,0.878,1,0,b'0000',b'AA',10,58566.99578199,1183125701351052460,12.324,0.024,11.487,0.022,8.991,0.034,6.701,0.084,440692348,15.288,0.0531,14.435,0.0609,13.603,0.0429,0.11488,291.124487
118.1899754,26.2932778,b'07h52m45.59s',b'26d17m35.80s',0.0481,0.0522,0.0051,12.298,0.024,44.5,1.593,11.394,0.026,42.5,1.207,1,0,b'0000',b'AA',10,57314.30723765,1183125701351052460,12.324,0.024,11.487,0.022,8.991,0.034,6.701,0.084,440692348,15.288,0.0531,14.435,0.0609,13.603,0.0429,0.115167,284.114352
118.1900011,26.2933012,b'07h52m45.60s',b'26d17m35.88s',0.0539,0.0543,-0.0113,12.309,0.027,40.9,1.554,11.401,0.030,36.2,0.778,1,0,b'0000',b'AA',10,57478.31318513,1183125701351052460,12.324,0.024,11.487,0.022,8.991,0.034,6.701,0.084,440692348,15.288,0.0531,14.435,0.0609,13.603,0.0429,0.115944,345.654469
118.1899825,26.2932917,b'07h52m45.60s',b'26d17m35.85s',0.0522,0.0607,-0.0196,12.377,0.027,40.8,0.660,11.508,0.028,38.7,0.772,1,0,b'0000',b'AA',10,59140.83318772,1183125701351052460,12.324,0.024,11.487,0.022,8.991,0.034,6.701,0.084,440692348,15.288,0.0531,14.435,0.0609,13.603,0.0429,0.118243,311.352722
118.1899842,26.2932943,b'07h52m45.60s',b'26d17m35.86s',0.0512,0.0506,0.0161,12.290,0.025,43.6,1.155,11.448,0.029,37.9,1.385,1,0,b'0000',b'AA',10,57314.43852331,1183125701351052460,12.324,0.024,11.487,0.022,8.991,0.034,6.701,0.084,440692348,15.288,0.0531,14.435,0.0609,13.603,0.0429,0.120773,316.412234
118.1899729,26.2932792,b'07h52m45.59s',b'26d17m35.81s',0.0567,0.0626,-0.0208,12.246,0.028,38.5,1.985,11.530,0.037,29.5,0.818,1,0,b'0000',b'AA',10,57119.41370226,1183125701351052460,12.324,0.024,11.487,0.022,8.991,0.034,6.701,0.084,440692348,15.288,0.0531,14.435,0.0609,13.603,0.0429,0.124243,285.461209
118.1899763,26.2932873,b'07h52m45.59s',b'26d17m35.83s',0.0511,0.0532,-0.0175,12.238,0.023,47.6,0.947,11.396,0.030,36.2,0.688,1,0,b'0000',b'AA',10,57839.71698382,1183125701351052460,12.324,0.024,11.487,0.022,8.991,0.034,6.701,0.084,440692348,15.288,0.0531,14.435,0.0609,13.603,0.0429,0.12534,299.79523
118.1899773,26.2932503,b'07h52m45.59s',b'26d17m35.70s',0.0533,0.0604,-0.0147,12.430,0.025,42.7,0.888,11.534,0.028,38.3,0.477,1,0,b'0000',b'AA',10,58409.20671573,1183125701351052460,12.324,0.024,11.487,0.022,8.991,0.034,6.701,0.084,440692348,15.288,0.0531,14.435,0.0609,13.603,0.0429,0.127174,236.100114
118.1899830,26.2932972,b'07h52m45.60s',b'26d17m35.87s',0.0535,0.0568,-0.0015,12.216,0.025,43.7,0.934,11.411,0.033,32.5,1.107,1,0,b'0000',b'AA',10,58045.91566631,1183125701351052460,12.324,0.024,11.487,0.022,8.991,0.034,6.701,0.084,440692348,15.288,0.0531,14.435,0.0609,13.603,0.0429,0.131088,318.332644
118.1899706,26.2932592,b'07h52m45.59s',b'26d17m35.73s',0.0552,0.0581,0.0158,12.431,0.027,40.1,6.643,11.579,0.029,38.0,2.044,1,0,b'0000',b'AA',5,58774.06607498,1183125701351052460,12.324,0.024,11.487,0.022,8.991,0.034,6.701,0.084,440692348,15.288,0.0531,14.435,0.0609,13.603,0.0429,0.132984,252.999287
118.1899692,26.2932758,b'07h52m45.59s',b'26d17m35.79s',0.0538,0.0617,0.0140,12.196,0.026,42.6,2.076,11.458,0.047,23.0,0.457,1,0,b'0000',b'AA',10,57839.12766096,1183125701351052460,12.324,0.024,11.487,0.022,8.991,0.034,6.701,0.084,440692348,15.288,0.0531,14.435,0.0609,13.603,0.0429,0.133338,279.009929
118.1899692,26.2932635,b'07h52m45.59s',b'26d17m35.75s',0.0448,0.0554,-0.0121,12.225,0.025,43.5,1.631,11.478,0.032,33.9,1.014,1,0,b'0000',b'AA',10,57678.49715719,1183125701351052460,12.324,0.024,11.487,0.022,8.991,0.034,6.701,0.084,440692348,15.288,0.0531,14.435,0.0609,13.603,0.0429,0.133763,259.923803
118.1899720,26.2932853,b'07h52m45.59s',b'26d17m35.83s',0.0493,0.0553,-0.0136,12.382,0.024,44.8,0.853,11.513,0.031,35.4,0.540,1,0,b'0000',b'AA',10,58409.46903175,1183125701351052460,12.324,0.024,11.487,0.022,8.991,0.034,6.701,0.084,440692348,15.288,0.0531,14.435,0.0609,13.603,0.0429,0.134432,294.184654
118.1899813,26.2932976,b'07h52m45.60s',b'26d17m35.87s',0.0598,0.0652,-0.0178,12.323,0.028,38.8,0.925,11.537,0.032,33.5,1.106,1,0,b'0000',b'AA',10,58773.80452315,1183125701351052460,12.324,0.024,11.487,0.022,8.991,0.034,6.701,0.084,440692348,15.288,0.0531,14.435,0.0609,13.603,0.0429,0.13583,317.007519
118.1899679,26.2932685,b'07h52m45.59s',b'26d17m35.77s',0.0473,0.0510,0.0068,12.293,0.026,41.3,1.894,11.529,0.026,41.7,1.023,1,0,b'0000',b'AA',10,57119.54498777,1183125701351052460,12.324,0.024,11.487,0.022,8.991,0.034,6.701,0.084,440692348,15.288,0.0531,14.435,0.0609,13.603,0.0429,0.136004,267.724208
118.1899696,26.2932586,b'07h52m45.59s',b'26d17m35.73s',0.0491,0.0516,-0.0113,12.301,0.025,42.7,0.947,11.435,0.025,43.1,1.452,1,0,b'0000',b'AA',10,58200.03589689,1183125701351052460,12.324,0.024,11.487,0.022,8.991,0.034,6.701,0.084,440692348,15.288,0.0531,14.435,0.0609,13.603,0.0429,0.136697,252.529037
118.1899676,26.2932727,b'07h52m45.59s',b'26d17m35.78s',0.0516,0.0518,-0.0174,12.323,0.023,47.5,0.908,11.545,0.027,39.8,0.611,1,0,b'0000',b'AA',10,58931.60724810,1183125701351052460,12.324,0.024,11.487,0.022,8.991,0.034,6.701,0.084,440692348,15.288,0.0531,14.435,0.0609,13.603,0.0429,0.13718,274.062785
118.1899821,26.2932992,b'07h52m45.60s',b'26d17m35.88s',0.0659,0.0607,0.0055,12.376,0.028,38.4,1.953,11.561,0.033,33.0,1.090,1,0,b'0000',b'AA',10,58931.08401646,1183125701351052460,12.324,0.024,11.487,0.022,8.991,0.034,6.701,0.084,440692348,15.288,0.0531,14.435,0.0609,13.603,0.0429,0.138414,319.415854
118.1899697,26.2932838,b'07h52m45.59s',b'26d17m35.82s',0.0553,0.0566,-0.0229,12.399,0.024,45.9,1.332,11.561,0.029,37.1,0.850,1,0,b'0000',b'AA',10,58409.53397412,1183125701351052460,12.324,0.024,11.487,0.022,8.991,0.034,6.701,0.084,440692348,15.288,0.0531,14.435,0.0609,13.603,0.0429,0.13923,290.904305
118.1899822,26.2932996,b'07h52m45.60s',b'26d17m35.88s',0.0555,0.0549,-0.0210,12.250,0.025,43.5,0.730,11.492,0.032,34.4,0.696,1,0,b'0000',b'AA',10,57677.97315940,1183125701351052460,12.324,0.024,11.487,0.022,8.991,0.034,6.701,0.084,440692348,15.288,0.0531,14.435,0.0609,13.603,0.0429,0.139298,319.901986
118.1899668,26.2932716,b'07h52m45.59s',b'26d17m35.78s',0.0481,0.0503,-0.0152,12.292,0.022,48.5,1.997,11.418,0.027,40.1,1.181,1,0,b'0000',b'AA',10,56952.68912590,1183125701351052460,12.324,0.024,11.487,0.022,8.991,0.034,6.701,0.084,440692348,15.288,0.0531,14.435,0.0609,13.603,0.0429,0.139535,272.365619
118.1899913,26.2933050,b'07h52m45.60s',b'26d17m35.90s',0.0558,0.0561,-0.0114,12.273,0.026,42.5,1.829,11.392,0.028,39.0,0.288,1,0,b'0000',b'AA',10,58045.45737685,1183125701351052460,12.324,0.024,11.487,0.022,8.991,0.034,6.701,0.084,440692348,15.288,0.0531,14.435,0.0609,13.603,0.0429,0.139705,334.405228
118.1900377,26.2932396,b'07h52m45.61s',b'26d17m35.66s',0.0510,0.0574,-0.0077,12.397,0.025,43.7,3.774,11.591,0.031,35.2,1.280,1,0,b'0000',b'AA',5,58773.60816828,1183125701351052460,12.324,0.024,11.487,0.022,8.991,0.034,6.701,0.084,440692348,15.288,0.0531,14.435,0.0609,13.603,0.0429,0.141318,140.754202
118.1899768,26.2932967,b'07h52m45.59s',b'26d17m35.87s',0.0502,0.0545,0.0077,12.254,0.024,44.7,1.318,11.442,0.030,36.6,1.658,1,0,b'0000',b'AA',10,57678.10406333,1183125701351052460,12.324,0.024,11.487,0.022,8.991,0.034,6.701,0.084,440692348,15.288,0.0531,14.435,0.0609,13.603,0.0429,0.143934,311.89289
118.1899646,26.2932693,b'07h52m45.59s',b'26d17m35.77s',0.0586,0.0560,0.0111,12.381,0.033,32.7,1.060,11.464,0.028,38.9,0.757,1,0,b'0000',b'AA',10,59141.22564280,1183125701351052460,12.324,0.024,11.487,0.022,8.991,0.034,6.701,0.084,440692348,15.288,0.0531,14.435,0.0609,13.603,0.0429,0.146536,269.014745
118.1899647,26.2932666,b'07h52m45.59s',b'26d17m35.76s',0.0706,0.0593,-0.0341,12.250,0.035,31.4,1.496,11.467,0.028,38.4,0.796,1,0,b'0000',b'AA',10,58199.70863715,1183125701351052460,12.324,0.024,11.487,0.022,8.991,0.034,6.701,0.084,440692348,15.288,0.0531,14.435,0.0609,13.603,0.0429,0.146729,265.214559
118.1899694,26.2932886,b'07h52m45.59s',b'26d17m35.84s',0.0536,0.0541,-0.0194,12.329,0.022,48.4,1.910,11.539,0.031,34.8,0.584,1,0,b'0000',b'AA',10,58773.93529911,1183125701351052460,12.324,0.024,11.487,0.022,8.991,0.034,6.701,0.084,440692348,15.288,0.0531,14.435,0.0609,13.603,0.0429,0.147147,297.066887
118.1899696,26.2932890,b'07h52m45.59s',b'26d17m35.84s',0.0550,0.0669,0.0175,12.365,0.030,36.7,1.160,11.551,0.036,30.3,0.658,1,0,b'0000',b'AA',10,58931.08414377,1183125701351052460,12.324,0.024,11.487,0.022,8.991,0.034,6.701,0.084,440692348,15.288,0.0531,14.435,0.0609,13.603,0.0429,0.147244,297.680159
118.1899912,26.2933073,b'07h52m45.60s',b'26d17m35.91s',0.0555,0.0536,-0.0094,12.308,0.026,41.6,2.379,11.454,0.026,41.0,0.785,1,0,b'0000',b'AA',10,57678.30067385,1183125701351052460,12.324,0.024,11.487,0.022,8.991,0.034,6.701,0.084,440692348,15.288,0.0531,14.435,0.0609,13.603,0.0429,0.14734,335.683005
118.1899679,26.2932532,b'07h52m45.59s',b'26d17m35.71s',0.0506,0.0548,0.0065,12.209,0.026,42.5,2.931,11.404,0.030,36.5,0.830,1,0,b'0000',b'AA',10,57839.25856499,1183125701351052460,12.324,0.024,11.487,0.022,8.991,0.034,6.701,0.084,440692348,15.288,0.0531,14.435,0.0609,13.603,0.0429,0.148744,246.006132
118.1899684,26.2932515,b'07h52m45.59s',b'26d17m35.71s',0.0524,0.0544,-0.0200,12.216,0.029,37.7,1.059,11.396,0.028,38.4,0.687,1,0,b'0000',b'AA',10,57839.32414438,1183125701351052460,12.324,0.024,11.487,0.022,8.991,0.034,6.701,0.084,440692348,15.288,0.0531,14.435,0.0609,13.603,0.0429,0.149883,243.61714
118.1899765,26.2932992,b'07h52m45.59s',b'26d17m35.88s',0.0522,0.0582,-0.0081,12.270,0.027,39.9,0.806,11.431,0.026,41.7,1.061,1,0,b'0000',b'AA',10,57314.24165847,1183125701351052460,12.324,0.024,11.487,0.022,8.991,0.034,6.701,0.084,440692348,15.288,0.0531,14.435,0.0609,13.603,0.0429,0.150794,314.193317
118.1899641,26.2932781,b'07h52m45.59s',b'26d17m35.80s',0.0559,0.0585,-0.0159,12.327,0.026,41.0,1.022,11.564,0.030,36.3,0.558,1,0,b'0000',b'AA',10,58566.40697108,1183125701351052460,12.324,0.024,11.487,0.022,8.991,0.034,6.701,0.084,440692348,15.288,0.0531,14.435,0.0609,13.603,0.0429,0.150982,281.135498
118.1899665,26.2932873,b'07h52m45.59s',b'26d17m35.83s',0.0620,0.0601,-0.0232,12.295,0.032,33.4,0.645,11.449,0.026,41.2,0.951,1,0,b'0000',b'AA',10,57478.57525174,1183125701351052460,12.324,0.024,11.487,0.022,8.991,0.034,6.701,0.084,440692348,15.288,0.0531,14.435,0.0609,13.603,0.0429,0.153587,293.921908
118.1899639,26.2932592,b'07h52m45.59s',b'26d17m35.73s',0.0501,0.0524,-0.0202,12.333,0.023,47.5,0.864,11.473,0.027,40.8,0.610,1,0,b'0000',b'AA',10,57119.93884439,1183125701351052460,12.324,0.024,11.487,0.022,8.991,0.034,6.701,0.084,440692348,15.288,0.0531,14.435,0.0609,13.603,0.0429,0.153771,255.355581
118.1899692,26.2932924,b'07h52m45.59s',b'26d17m35.85s',0.0563,0.0560,-0.0224,12.321,0.028,39.2,1.017,11.443,0.028,38.4,1.583,1,0,b'0000',b'AA',10,58200.42860839,1183125701351052460,12.324,0.024,11.487,0.022,8.991,0.034,6.701,0.084,440692348,15.288,0.0531,14.435,0.0609,13.603,0.0429,0.154415,301.482359
118.1899656,26.2932866,b'07h52m45.59s',b'26d17m35.83s',0.0502,0.0523,-0.0125,12.238,0.024,45.8,1.219,11.437,0.031,35.1,0.556,1,0,b'0000',b'AA',10,57678.43170520,1183125701351052460,12.324,0.024,11.487,0.022,8.991,0.034,6.701,0.084,440692348,15.288,0.0531,14.435,0.0609,13.603,0.0429,0.155269,292.637091
118.1899775,26.2933020,b'07h52m45.59s',b'26d17m35.89s',0.0510,0.0541,-0.0164,12.322,0.022,48.7,1.298,11.514,0.031,35.1,0.662,1,0,b'0000',b'AA',10,58567.25746154,1183125701351052460,12.324,0.024,11.487,0.022,8.991,0.034,6.701,0.084,440692348,15.288,0.0531,14.435,0.0609,13.603,0.0429,0.155816,317.680681
118.1899676,26.2932909,b'07h52m45.59s',b'26d17m35.85s',0.0605,0.0573,-0.0137,12.355,0.028,38.2,1.295,11.498,0.031,34.5,1.013,1,0,b'0000',b'AA',10,57119.28241670,1183125701351052460,12.324,0.024,11.487,0.022,8.991,0.034,6.701,0.084,440692348,15.288,0.0531,14.435,0.0609,13.603,0.0429,0.156179,298.802384
118.1899618,26.2932650,b'07h52m45.59s',b'26d17m35.75s',0.0417,0.0518,-0.0119,12.209,0.022,48.3,1.235,11.396,0.027,40.3,1.984,1,0,b'0000',b'AA',10,57838.86572545,1183125701351052460,12.324,0.024,11.487,0.022,8.991,0.034,6.701,0.084,440692348,15.288,0.0531,14.435,0.0609,13.603,0.0429,0.156602,263.399923
118.1899950,26.2932284,b'07h52m45.60s',b'26d17m35.62s',0.0513,0.0547,-0.0239,12.340,0.022,48.9,1.919,11.526,0.028,38.4,1.446,1,0,b'0000',b'AA',10,56951.83430669,1183125701351052460,12.324,0.024,11.487,0.022,8.991,0.034,6.701,0.084,440692348,15.288,0.0531,14.435,0.0609,13.603,0.0429,0.157384,197.914526
118.1899695,26.2932945,b'07h52m45.59s',b'26d17m35.86s',0.0495,0.0593,0.0097,12.282,0.025,43.7,1.261,11.368,0.041,26.6,0.889,1,0,b'0000',b'AA',10,58045.65385941,1183125701351052460,12.324,0.024,11.487,0.022,8.991,0.034,6.701,0.084,440692348,15.288,0.0531,14.435,0.0609,13.603,0.0429,0.157684,304.009474
118.1899802,26.2933050,b'07h52m45.60s',b'26d17m35.90s',0.0521,0.0573,-0.0177,12.405,0.028,38.3,1.722,11.532,0.030,36.5,1.351,1,0,b'0000',b'AA',10,58409.73032913,1183125701351052460,12.324,0.024,11.487,0.022,8.991,0.034,6.701,0.084,440692348,15.288,0.0531,14.435,0.0609,13.603,0.0429,0.158521,322.644124
118.1899840,26.2933075,b'07h52m45.60s',b'26d17m35.91s',0.0487,0.0548,-0.0166,12.246,0.023,46.9,1.987,11.375,0.035,31.0,1.066,1,0,b'0000',b'AA',5,57314.70083987,1183125701351052460,12.324,0.024,11.487,0.022,8.991,0.034,6.701,0.084,440692348,15.288,0.0531,14.435,0.0609,13.603,0.0429,0.158967,328.134926
118.1899739,26.2933004,b'07h52m45.59s',b'26d17m35.88s',0.0518,0.0542,-0.0164,12.219,0.028,39.4,1.173,11.410,0.029,37.5,0.782,1,0,b'0000',b'AA',10,57314.37294414,1183125701351052460,12.324,0.024,11.487,0.022,8.991,0.034,6.701,0.084,440692348,15.288,0.0531,14.435,0.0609,13.603,0.0429,0.159856,313.20679
118.1899621,26.2932816,b'07h52m45.59s',b'26d17m35.81s',0.0499,0.0552,-0.0178,12.279,0.024,45.5,2.247,11.419,0.029,37.5,1.200,1,0,b'0000',b'AA',10,58045.06466655,1183125701351052460,12.324,0.024,11.487,0.022,8.991,0.034,6.701,0.084,440692348,15.288,0.0531,14.435,0.0609,13.603,0.0429,0.160151,285.115889
118.1899620,26.2932846,b'07h52m45.59s',b'26d17m35.82s',0.0530,0.0560,-0.0222,12.312,0.023,48.0,1.738,11.500,0.029,37.2,0.585,1,0,b'0000',b'AA',10,57120.26712191,1183125701351052460,12.324,0.024,11.487,0.022,8.991,0.034,6.701,0.084,440692348,15.288,0.0531,14.435,0.0609,13.603,0.0429,0.163594,288.740434
118.1899668,26.2932943,b'07h52m45.59s',b'26d17m35.86s',0.0578,0.0541,0.0124,12.290,0.027,39.8,2.203,11.466,0.030,36.2,1.954,1,0,b'0000',b'AA',10,57314.30736497,1183125701351052460,12.324,0.024,11.487,0.022,8.991,0.034,6.701,0.084,440692348,15.288,0.0531,14.435,0.0609,13.603,0.0429,0.164602,302.104712
118.1899696,26.2932980,b'07h52m45.59s',b'26d17m35.87s',0.0534,0.0563,-0.0242,12.318,0.023,47.2,0.639,11.555,0.032,33.6,0.750,1,0,b'0000',b'AA',10,57120.13583635,1183125701351052460,12.324,0.024,11.487,0.022,8.991,0.034,6.701,0.084,440692348,15.288,0.0531,14.435,0.0609,13.603,0.0429,0.164803,307.705838
118.1899928,26.2933134,b'07h52m45.60s',b'26d17m35.93s',0.0519,0.0540,-0.0225,12.364,0.023,47.0,0.768,11.501,0.028,39.1,0.716,1,0,b'0000',b'AA',10,56952.29463312,1183125701351052460,12.324,0.024,11.487,0.022,8.991,0.034,6.701,0.084,440692348,15.288,0.0531,14.435,0.0609,13.603,0.0429,0.165803,340.439364
118.1899604,26.2932821,b'07h52m45.59s',b'26d17m35.82s',0.0474,0.0503,-0.0104,12.330,0.024,45.1,1.710,11.559,0.027,39.6,0.952,1,0,b'0000',b'AA',10,58931.21491985,1183125701351052460,12.324,0.024,11.487,0.022,8.991,0.034,6.701,0.084,440692348,15.288,0.0531,14.435,0.0609,13.603,0.0429,0.165917,285.221881
118.1899589,26.2932646,b'07h52m45.59s',b'26d17m35.75s',0.0508,0.0593,-0.0154,12.344,0.030,36.7,1.004,11.507,0.027,40.0,1.341,1,0,b'0000',b'AA',10,58930.62623589,1183125701351052460,12.324,0.024,11.487,0.022,8.991,0.034,6.701,0.084,440692348,15.288,0.0531,14.435,0.0609,13.603,0.0429,0.166059,263.277566
118.1899581,26.2932737,b'07h52m45.59s',b'26d17m35.79s',0.0506,0.0565,-0.0167,12.345,0.025,42.8,1.034,11.493,0.028,39.5,1.048,1,0,b'0000',b'AA',10,58200.42848103,1183125701351052460,12.324,0.024,11.487,0.022,8.991,0.034,6.701,0.084,440692348,15.288,0.0531,14.435,0.0609,13.603,0.0429,0.168038,274.546491
118.1899577,26.2932756,b'07h52m45.59s',b'26d17m35.79s',0.0513,0.0514,-0.0194,12.318,0.024,46.0,1.774,11.520,0.026,41.0,0.940,1,0,b'0000',b'AA',10,58567.38836501,1183125701351052460,12.324,0.024,11.487,0.022,8.991,0.034,6.701,0.084,440692348,15.288,0.0531,14.435,0.0609,13.603,0.0429,0.169995,276.81065
118.1899574,26.2932725,b'07h52m45.59s',b'26d17m35.78s',0.0465,0.0512,-0.0139,12.330,0.024,45.7,1.323,11.430,0.028,38.8,0.814,1,0,b'0000',b'AA',10,58199.90499301,1183125701351052460,12.324,0.024,11.487,0.022,8.991,0.034,6.701,0.084,440692348,15.288,0.0531,14.435,0.0609,13.603,0.0429,0.169995,273.034613
118.1899573,26.2932740,b'07h52m45.59s',b'26d17m35.79s',0.0554,0.0634,-0.0169,12.333,0.026,42.2,0.887,11.499,0.037,29.7,0.978,1,0,b'0000',b'AA',10,58773.86984742,1183125701351052460,12.324,0.024,11.487,0.022,8.991,0.034,6.701,0.084,440692348,15.288,0.0531,14.435,0.0609,13.603,0.0429,0.170688,274.839158
118.1899688,26.2933000,b'07h52m45.59s',b'26d17m35.88s',0.0506,0.0548,0.0152,12.258,0.027,40.4,1.493,11.393,0.025,42.9,1.299,1,0,b'0000',b'AA',10,57839.84801525,1183125701351052460,12.324,0.024,11.487,0.022,8.991,0.034,6.701,0.084,440692348,15.288,0.0531,14.435,0.0609,13.603,0.0429,0.171296,309.083008
118.1899649,26.2932955,b'07h52m45.59s',b'26d17m35.86s',0.0533,0.0557,-0.0199,12.302,0.023,46.3,2.024,11.492,0.033,32.9,0.778,1,0,b'0000',b'AA',10,58199.57773332,1183125701351052460,12.324,0.024,11.487,0.022,8.991,0.034,6.701,0.084,440692348,15.288,0.0531,14.435,0.0609,13.603,0.0429,0.172093,302.237969
118.1899832,26.2933120,b'07h52m45.60s',b'26d17m35.92s',0.0646,0.0664,-0.0052,12.430,0.028,38.3,1.070,11.543,0.042,25.9,0.674,1,0,b'0000',b'AA',10,58410.05746022,1183125701351052460,12.324,0.024,11.487,0.022,8.991,0.034,6.701,0.084,440692348,15.288,0.0531,14.435,0.0609,13.603,0.0429,0.174194,330.227133
118.1899583,26.2932839,b'07h52m45.59s',b'26d17m35.82s',0.0547,0.0526,-0.0186,12.369,0.024,45.9,0.615,11.544,0.029,37.2,1.166,1,0,b'0000',b'AA',10,58931.14895884,1183125701351052460,12.324,0.024,11.487,0.022,8.991,0.034,6.701,0.084,440692348,15.288,0.0531,14.435,0.0609,13.603,0.0429,0.174194,286.693233
118.1899566,26.2932772,b'07h52m45.59s',b'26d17m35.80s',0.0537,0.0581,-0.0192,12.379,0.024,46.1,1.223,11.516,0.036,30.0,0.824,1,0,b'0000',b'AA',10,58931.34569594,1183125701351052460,12.324,0.024,11.487,0.022,8.991,0.034,6.701,0.084,440692348,15.288,0.0531,14.435,0.0609,13.603,0.0429,0.174275,278.552695
118.1899823,26.2932281,b'07h52m45.60s',b'26d17m35.62s',0.0470,0.0513,-0.0080,12.229,0.023,47.3,1.137,11.456,0.027,40.5,1.191,1,0,b'0000',b'AA',10,57313.97934192,1183125701351052460,12.324,0.024,11.487,0.022,8.991,0.034,6.701,0.084,440692348,15.288,0.0531,14.435,0.0609,13.603,0.0429,0.175356,210.655218
118.1900150,26.2933188,b'07h52m45.60s',b'26d17m35.95s',0.0543,0.0576,-0.0168,12.383,0.027,39.8,1.280,11.544,0.033,33.2,0.947,1,0,b'0000',b'AA',10,58773.73907150,1183125701351052460,12.324,0.024,11.487,0.022,8.991,0.034,6.701,0.084,440692348,15.288,0.0531,14.435,0.0609,13.603,0.0429,0.17643,5.24837
118.1899629,26.2932446,b'07h52m45.59s',b'26d17m35.68s',0.0500,0.0551,0.0087,12.416,0.026,42.5,0.907,11.536,0.028,38.8,0.699,1,0,b'0000',b'AA',10,58567.12668551,1183125701351052460,12.324,0.024,11.487,0.022,8.991,0.034,6.701,0.084,440692348,15.288,0.0531,14.435,0.0609,13.603,0.0429,0.177391,238.972624
118.1899744,26.2933088,b'07h52m45.59s',b'26d17m35.91s',0.0552,0.0570,-0.0093,12.331,0.024,45.7,1.975,11.545,0.035,31.3,0.869,1,0,b'0000',b'AA',5,59141.09435756,1183125701351052460,12.324,0.024,11.487,0.022,8.991,0.034,6.701,0.084,440692348,15.288,0.0531,14.435,0.0609,13.603,0.0429,0.180872,320.559396
118.1899539,26.2932793,b'07h52m45.59s',b'26d17m35.81s',0.0526,0.0531,-0.0184,12.327,0.023,46.9,1.207,11.498,0.028,39.0,1.005,1,0,b'0000',b'AA',10,57478.83744142,1183125701351052460,12.324,0.024,11.487,0.022,8.991,0.034,6.701,0.084,440692348,15.288,0.0531,14.435,0.0609,13.603,0.0429,0.184133,280.476027
118.1899776,26.2933123,b'07h52m45.59s',b'26d17m35.92s',0.0482,0.0554,-0.0059,12.337,0.025,44.1,1.386,11.482,0.028,38.8,0.805,1,0,b'0000',b'AA',10,56952.42604586,1183125701351052460,12.324,0.024,11.487,0.022,8.991,0.034,6.701,0.084,440692348,15.288,0.0531,14.435,0.0609,13.603,0.0429,0.184722,325.522224
118.1899551,26.2932851,b'07h52m45.59s',b'26d17m35.83s',0.0509,0.0579,-0.0096,12.331,0.027,40.2,1.597,11.480,0.032,33.9,0.863,1,0,b'0000',b'AA',10,57478.90302069,1183125701351052460,12.324,0.024,11.487,0.022,8.991,0.034,6.701,0.084,440692348,15.288,0.0531,14.435,0.0609,13.603,0.0429,0.185335,287.055299
118.1899513,26.2932722,b'07h52m45.59s',b'26d17m35.78s',0.0523,0.0553,-0.0184,12.387,0.024,45.7,1.297,11.565,0.029,36.9,0.488,1,0,b'0000',b'AA',10,58931.47596266,1183125701351052460,12.324,0.024,11.487,0.022,8.991,0.034,6.701,0.084,440692348,15.288,0.0531,14.435,0.0609,13.603,0.0429,0.189618,272.3938
118.1899518,26.2932620,b'07h52m45.59s',b'26d17m35.74s',0.0489,0.0493,-0.0118,12.363,0.023,46.5,1.780,11.516,0.026,41.3,0.925,1,0,b'0000',b'AA',10,57479.03405181,1183125701351052460,12.324,0.024,11.487,0.022,8.991,0.034,6.701,0.084,440692348,15.288,0.0531,14.435,0.0609,13.603,0.0429,0.190041,261.283317
118.1899531,26.2932846,b'07h52m45.59s',b'26d17m35.82s',0.0632,0.0607,-0.0227,12.269,0.028,38.8,1.184,11.431,0.037,29.3,0.561,1,0,b'0000',b'AA',10,57678.36612587,1183125701351052460,12.324,0.024,11.487,0.022,8.991,0.034,6.701,0.084,440692348,15.288,0.0531,14.435,0.0609,13.603,0.0429,0.191008,285.971206
118.1899566,26.2932932,b'07h52m45.59s',b'26d17m35.86s',0.0571,0.0633,-0.0216,12.382,0.032,34.3,1.489,11.492,0.027,40.1,1.461,1,0,b'0000',b'AA',10,58566.66865062,1183125701351052460,12.324,0.024,11.487,0.022,8.991,0.034,6.701,0.084,440692348,15.288,0.0531,14.435,0.0609,13.603,0.0429,0.191527,295.854552
118.1899727,26.2933120,b'07h52m45.59s',b'26d17m35.92s',0.0501,0.0560,0.0079,12.393,0.026,42.1,3.142,11.537,0.030,36.7,1.585,1,0,b'0000',b'AA',10,58774.06620229,1183125701351052460,12.324,0.024,11.487,0.022,8.991,0.034,6.701,0.084,440692348,15.288,0.0531,14.435,0.0609,13.603,0.0429,0.19327,321.472805
118.1899795,26.2933171,b'07h52m45.60s',b'26d17m35.94s',0.0462,0.0537,-0.0113,12.306,0.025,44.0,2.258,11.468,0.029,37.8,1.339,1,0,b'0000',b'AA',10,56952.42617322,1183125701351052460,12.324,0.024,11.487,0.022,8.991,0.034,6.701,0.084,440692348,15.288,0.0531,14.435,0.0609,13.603,0.0429,0.19606,329.862233
118.1899618,26.2933034,b'07h52m45.59s',b'26d17m35.89s',0.0426,0.0548,-0.0107,12.288,0.022,48.3,1.155,11.407,0.028,38.4,1.110,1,0,b'0000',b'AA',10,56952.82066600,1183125701351052460,12.324,0.024,11.487,0.022,8.991,0.034,6.701,0.084,440692348,15.288,0.0531,14.435,0.0609,13.603,0.0429,0.196613,307.70091
118.1899599,26.2933011,b'07h52m45.59s',b'26d17m35.88s',0.0524,0.0550,-0.0224,12.325,0.023,47.8,1.828,11.492,0.028,38.6,0.426,1,0,b'0000',b'AA',10,59140.50580229,1183125701351052460,12.324,0.024,11.487,0.022,8.991,0.034,6.701,0.084,440692348,15.288,0.0531,14.435,0.0609,13.603,0.0429,0.196685,304.698538
118.1899564,26.2932961,b'07h52m45.59s',b'26d17m35.87s',0.0540,0.0552,-0.0075,12.427,0.026,42.0,1.276,11.531,0.035,31.0,1.063,1,0,b'0000',b'AA',10,58409.59942581,1183125701351052460,12.324,0.024,11.487,0.022,8.991,0.034,6.701,0.084,440692348,15.288,0.0531,14.435,0.0609,13.603,0.0429,0.196877,298.507893
118.1899491,26.2932750,b'07h52m45.59s',b'26d17m35.79s',0.0469,0.0531,-0.0188,12.292,0.026,41.7,3.372,11.484,0.025,43.7,0.862,1,0,b'0000',b'AA',10,57478.77186216,1183125701351052460,12.324,0.024,11.487,0.022,8.991,0.034,6.701,0.084,440692348,15.288,0.0531,14.435,0.0609,13.603,0.0429,0.197381,275.232363
118.1899493,26.2932793,b'07h52m45.59s',b'26d17m35.81s',0.0705,0.0798,0.0117,12.216,0.031,34.7,1.096,10.948,0.043,25.2,2.660,1,0,b'0000',b'AA',10,57683.86854609,1183125701351052460,12.324,0.024,11.487,0.022,8.991,0.034,6.701,0.084,440692348,15.288,0.0531,14.435,0.0609,13.603,0.0429,0.19874,279.697803
118.1899542,26.2932462,b'07h52m45.59s',b'26d17m35.69s',0.0492,0.0509,-0.0128,12.368,0.023,46.9,0.915,11.560,0.030,36.4,0.947,1,0,b'0000',b'AA',10,58566.53787455,1183125701351052460,12.324,0.024,11.487,0.022,8.991,0.034,6.701,0.084,440692348,15.288,0.0531,14.435,0.0609,13.603,0.0429,0.199428,244.5575
118.1899606,26.2933047,b'07h52m45.59s',b'26d17m35.90s',0.0512,0.0510,-0.0080,12.231,0.022,48.9,1.601,11.409,0.028,39.5,0.816,1,0,b'0000',b'AA',10,58045.19557000,1183125701351052460,12.324,0.024,11.487,0.022,8.991,0.034,6.701,0.084,440692348,15.288,0.0531,14.435,0.0609,13.603,0.0429,0.202554,308.078368
118.1899555,26.2933014,b'07h52m45.59s',b'26d17m35.89s',0.0594,0.0705,-0.0105,12.375,0.032,34.4,2.138,11.507,0.030,35.6,0.724,1,0,b'0000',b'AA',10,58930.75701197,1183125701351052460,12.324,0.024,11.487,0.022,8.991,0.034,6.701,0.084,440692348,15.288,0.0531,14.435,0.0609,13.603,0.0429,0.209094,302.726226
118.1900272,26.2933263,b'07h52m45.61s',b'26d17m35.97s',0.0557,0.0537,0.0120,12.234,0.026,41.0,0.770,11.357,0.036,29.9,0.828,1,0,b'0000',b'AA',10,57314.56968162,1183125701351052460,12.324,0.024,11.487,0.022,8.991,0.034,6.701,0.084,440692348,15.288,0.0531,14.435,0.0609,13.603,0.0429,0.210153,15.317531
118.1899977,26.2933275,b'07h52m45.60s',b'26d17m35.98s',0.0515,0.0567,-0.0051,12.424,0.025,42.7,2.192,11.532,0.029,37.3,0.864,1,0,b'0000',b'AA',5,58409.92655684,1183125701351052460,12.324,0.024,11.487,0.022,8.991,0.034,6.701,0.084,440692348,15.288,0.0531,14.435,0.0609,13.603,0.0429,0.210782,349.143567
118.1899562,26.2933054,b'07h52m45.59s',b'26d17m35.90s',0.0519,0.0517,-0.0069,12.283,0.022,49.1,1.930,11.519,0.033,33.0,0.736,1,0,b'0000',b'AA',10,59140.63708749,1183125701351052460,12.324,0.024,11.487,0.022,8.991,0.034,6.701,0.084,440692348,15.288,0.0531,14.435,0.0609,13.603,0.0429,0.215392,306.275916
118.1899470,26.2932903,b'07h52m45.59s',b'26d17m35.85s',0.0510,0.0587,-0.0180,12.261,0.026,41.1,1.082,11.429,0.027,39.6,0.919,1,0,b'0000',b'AA',10,58199.44632008,1183125701351052460,12.324,0.024,11.487,0.022,8.991,0.034,6.701,0.084,440692348,15.288,0.0531,14.435,0.0609,13.603,0.0429,0.216071,289.768809
118.1899523,26.2933014,b'07h52m45.59s',b'26d17m35.89s',0.0502,0.0507,-0.0211,12.206,0.022,49.0,1.150,11.382,0.028,39.3,0.763,1,0,b'0000',b'AA',10,57839.38959634,1183125701351052460,12.324,0.024,11.487,0.022,8.991,0.034,6.701,0.084,440692348,15.288,0.0531,14.435,0.0609,13.603,0.0429,0.217856,301.257546
118.1899793,26.2933243,b'07h52m45.60s',b'26d17m35.97s',0.0555,0.0583,0.0083,12.321,0.026,42.1,1.514,11.534,0.038,28.7,1.102,1,0,b'0000',b'AA',10,58774.00075065,1183125701351052460,12.324,0.024,11.487,0.022,8.991,0.034,6.701,0.084,440692348,15.288,0.0531,14.435,0.0609,13.603,0.0429,0.219153,333.12035
118.1899440,26.2932858,b'07h52m45.59s',b'26d17m35.83s',0.0557,0.0602,0.0051,12.437,0.027,40.6,0.858,11.493,0.030,36.0,0.485,1,0,b'0000',b'AA',10,58930.88791598,1183125701351052460,12.324,0.024,11.487,0.022,8.991,0.034,6.701,0.084,440692348,15.288,0.0531,14.435,0.0609,13.603,0.0429,0.220486,284.950346
118.1899418,26.2932630,b'07h52m45.59s',b'26d17m35.75s',0.0499,0.0525,-0.0202,12.398,0.023,46.5,1.369,11.504,0.025,42.8,0.900,1,0,b'0000',b'AA',10,58931.28024424,1183125701351052460,12.324,0.024,11.487,0.022,8.991,0.034,6.701,0.084,440692348,15.288,0.0531,14.435,0.0609,13.603,0.0429,0.221554,263.469
118.1899641,26.2933170,b'07h52m45.59s',b'26d17m35.94s',0.0501,0.0516,-0.0216,12.250,0.022,49.2,1.434,11.406,0.027,40.4,0.803,1,0,b'0000',b'AA',10,57313.71702531,1183125701351052460,12.324,0.024,11.487,0.022,8.991,0.034,6.701,0.084,440692348,15.288,0.0531,14.435,0.0609,13.603,0.0429,0.224897,318.796064
118.1899401,26.2932633,b'07h52m45.59s',b'26d17m35.75s',0.0512,0.0510,-0.0205,12.306,0.024,45.9,0.560,11.444,0.027,40.8,1.136,1,0,b'0000',b'AA',10,58199.97044497,1183125701351052460,12.324,0.024,11.487,0.022,8.991,0.034,6.701,0.084,440692348,15.288,0.0531,14.435,0.0609,13.603,0.0429,0.226884,263.897558
118.1899633,26.2933172,b'07h52m45.59s',b'26d17m35.94s',0.0500,0.0496,-0.0107,12.253,0.025,43.8,2.253,11.429,0.027,40.9,1.439,1,0,b'0000',b'AA',10,58045.78476281,1183125701351052460,12.324,0.024,11.487,0.022,8.991,0.034,6.701,0.084,440692348,15.288,0.0531,14.435,0.0609,13.603,0.0429,0.227134,318.425668
118.1899707,26.2933228,b'07h52m45.59s',b'26d17m35.96s',0.0545,0.0575,-0.0215,12.375,0.025,43.6,2.142,11.560,0.029,37.6,1.247,1,0,b'0000',b'AA',10,58773.47739670,1183125701351052460,12.324,0.024,11.487,0.022,8.991,0.034,6.701,0.084,440692348,15.288,0.0531,14.435,0.0609,13.603,0.0429,0.228523,326.284441
118.1899463,26.2932413,b'07h52m45.59s',b'26d17m35.67s',0.0495,0.0544,-0.0137,12.344,0.024,45.6,2.018,11.480,0.027,39.6,1.399,1,0,b'0000',b'AA',5,57479.29611409,1183125701351052460,12.324,0.024,11.487,0.022,8.991,0.034,6.701,0.084,440692348,15.288,0.0531,14.435,0.0609,13.603,0.0429,0.230088,243.318506
118.1899559,26.2933119,b'07h52m45.59s',b'26d17m35.92s',0.0587,0.0560,-0.0133,12.375,0.024,45.2,1.055,11.543,0.031,35.3,0.730,1,0,b'0000',b'AA',10,58409.33812841,1183125701351052460,12.324,0.024,11.487,0.022,8.991,0.034,6.701,0.084,440692348,15.288,0.0531,14.435,0.0609,13.603,0.0429,0.230744,310.822731
118.1899481,26.2933025,b'07h52m45.59s',b'26d17m35.89s',0.0488,0.0564,-0.0099,12.323,0.026,41.7,2.116,11.454,0.029,37.1,1.290,1,0,b'0000',b'AA',10,58930.75713933,1183125701351052460,12.324,0.024,11.487,0.022,8.991,0.034,6.701,0.084,440692348,15.288,0.0531,14.435,0.0609,13.603,0.0429,0.231521,300.354564
118.1899521,26.2933083,b'07h52m45.59s',b'26d17m35.91s',0.0500,0.0563,-0.0146,12.365,0.027,40.2,3.120,11.511,0.029,36.9,1.249,1,0,b'0000',b'AA',5,58410.18836359,1183125701351052460,12.324,0.024,11.487,0.022,8.991,0.034,6.701,0.084,440692348,15.288,0.0531,14.435,0.0609,13.603,0.0429,0.232234,306.42072
118.1900834,26.2932640,b'07h52m45.62s',b'26d17m35.75s',0.0533,0.0620,0.0140,12.398,0.027,40.8,11.250,11.497,0.030,35.8,3.416,1,0,b'0000',b'AA',5,57678.56260916,1183125701351052460,12.324,0.024,11.487,0.022,8.991,0.034,6.701,0.084,440692348,15.288,0.0531,14.435,0.0609,13.603,0.0429,0.23788,95.209648
118.1899355,26.2932753,b'07h52m45.58s',b'26d17m35.79s',0.0515,0.0530,-0.0204,12.264,0.022,49.0,0.548,11.492,0.029,37.3,0.556,1,0,b'0000',b'AA',10,57119.80755883,1183125701351052460,12.324,0.024,11.487,0.022,8.991,0.034,6.701,0.084,440692348,15.288,0.0531,14.435,0.0609,13.603,0.0429,0.241213,274.536969
118.1899358,26.2932835,b'07h52m45.58s',b'26d17m35.82s',0.0506,0.0563,-0.0162,12.347,0.024,45.2,1.249,11.527,0.029,37.6,1.167,1,0,b'0000',b'AA',10,58566.93033027,1183125701351052460,12.324,0.024,11.487,0.022,8.991,0.034,6.701,0.084,440692348,15.288,0.0531,14.435,0.0609,13.603,0.0429,0.244365,281.471656
118.1899528,26.2933151,b'07h52m45.59s',b'26d17m35.93s',0.0620,0.0658,-0.0118,12.348,0.030,36.8,0.948,11.461,0.030,36.0,1.363,1,0,b'0000',b'AA',10,57119.74185237,1183125701351052460,12.324,0.024,11.487,0.022,8.991,0.034,6.701,0.084,440692348,15.288,0.0531,14.435,0.0609,13.603,0.0429,0.245848,311.330059
118.1899398,26.2933036,b'07h52m45.59s',b'26d17m35.89s',0.0508,0.0485,-0.0137,12.306,0.022,50.3,1.422,11.472,0.032,34.2,0.843,1,0,b'0000',b'AA',10,56951.96584674,1183125701351052460,12.324,0.024,11.487,0.022,8.991,0.034,6.701,0.084,440692348,15.288,0.0531,14.435,0.0609,13.603,0.0429,0.256842,298.096315
118.1899513,26.2933182,b'07h52m45.59s',b'26d17m35.95s',0.0478,0.0538,-0.0079,12.239,0.027,39.7,1.689,11.442,0.027,39.8,1.102,1,0,b'0000',b'AA',10,57678.10419069,1183125701351052460,12.324,0.024,11.487,0.022,8.991,0.034,6.701,0.084,440692348,15.288,0.0531,14.435,0.0609,13.603,0.0429,0.256916,312.486058
118.1900072,26.2933416,b'07h52m45.60s',b'26d17m36.03s',0.0544,0.0577,0.0067,12.375,0.028,38.2,1.567,11.541,0.033,33.1,1.208,1,0,b'0000',b'AA',10,58774.45865735,1183125701351052460,12.324,0.024,11.487,0.022,8.991,0.034,6.701,0.084,440692348,15.288,0.0531,14.435,0.0609,13.603,0.0429,0.257925,357.992024
118.1899326,26.2932950,b'07h52m45.58s',b'26d17m35.86s',0.0538,0.0544,0.0118,12.311,0.025,44.2,2.943,11.469,0.030,36.5,0.407,1,0,b'0000',b'AA',10,58200.16629137,1183125701351052460,12.324,0.024,11.487,0.022,8.991,0.034,6.701,0.084,440692348,15.288,0.0531,14.435,0.0609,13.603,0.0429,0.265523,289.812674
118.1899236,26.2932559,b'07h52m45.58s',b'26d17m35.72s',0.0962,0.1069,-0.0076,12.298,0.037,29.6,0.935,11.504,0.078,14.0,0.578,1,0,b'0000',b'AA',10,58203.50395796,1183125701351052460,12.324,0.024,11.487,0.022,8.991,0.034,6.701,0.084,440692348,15.288,0.0531,14.435,0.0609,13.603,0.0429,0.283437,259.683578
118.1899206,26.2932676,b'07h52m45.58s',b'26d17m35.76s',0.1014,0.1034,-0.0438,12.421,0.038,28.3,1.942,11.618,0.078,14.0,0.987,1,0,b'0000',b'AA',10,58777.72996536,1183125701351052460,12.324,0.024,11.487,0.022,8.991,0.034,6.701,0.084,440692348,15.288,0.0531,14.435,0.0609,13.603,0.0429,0.288672,268.284887
118.1899201,26.2932793,b'07h52m45.58s',b'26d17m35.81s',0.0528,0.0507,0.0028,12.286,0.028,38.9,2.614,11.514,0.028,38.1,1.175,1,0,b'0000',b'AA',10,57478.70641027,1183125701351052460,12.324,0.024,11.487,0.022,8.991,0.034,6.701,0.084,440692348,15.288,0.0531,14.435,0.0609,13.603,0.0429,0.292088,276.582061
118.1899434,26.2933317,b'07h52m45.59s',b'26d17m35.99s',0.0623,0.0636,-0.0269,12.406,0.028,38.8,0.805,11.500,0.030,35.7,0.731,1,0,b'0000',b'AA',10,58774.32775407,1183125701351052460,12.324,0.024,11.487,0.022,8.991,0.034,6.701,0.084,440692348,15.288,0.0531,14.435,0.0609,13.603,0.0429,0.309105,315.939317
118.1898949,26.2932444,b'07h52m45.57s',b'26d17m35.68s',0.0737,0.0780,-0.0241,12.383,0.038,28.4,4.388,11.589,0.031,35.6,3.785,1,0,b'0000',b'AA',5,59140.83331508,1183125701351052460,12.324,0.024,11.487,0.022,8.991,0.034,6.701,0.084,440692348,15.288,0.0531,14.435,0.0609,13.603,0.0429,0.382745,256.067245
